START: 2023-10-04 18:20:58.043
SEEDS: 2023-10-04 18:21:35.684
RUN: 2023-10-14 11:06:16.753
REACHED: 2023-10-14 11:06:17.680116852 +0000 UTC m=+0.921590368
TIMEDOUT: 2023-10-14 11:16:16.760
