START: 2023-10-08 19:31:12.342
SEEDS: 2023-10-08 19:31:52.654
RUN: 2023-10-12 14:15:39.041
REACHED: 2023-10-12 14:15:39.064188173 +0000 UTC m=+0.017811182
DONE: 2023-10-12 14:15:40.964
