START: 2023-10-04 19:39:47.725
SEEDS: 2023-10-04 19:40:36.816
RUN: 2023-10-18 03:54:25.847
REACHED: 2023-10-18 03:54:25.866509169 +0000 UTC m=+0.014176893
TIMEDOUT: 2023-10-18 04:04:25.853
