START: 2023-09-27 09:49:56.851
SEEDS: 2023-09-27 09:50:11.155
RUN: 2023-10-12 16:46:01.756
REACHED: 2023-10-12 16:46:01.774345299 +0000 UTC m=+0.012552295
DONE: 2023-10-12 16:47:48.660
