START: 2023-10-06 20:34:43.933
SEEDS: 2023-10-06 20:37:21.199
RUN: 2023-10-16 16:35:59.785
REACHED: 2023-10-16 16:35:59.807971897 +0000 UTC m=+0.016988297
TIMEDOUT: 2023-10-16 16:45:59.792
