START: 2023-10-09 11:12:39.358
SEEDS: 2023-10-09 11:27:15.905
RUN: 2023-10-09 11:27:15.907
REACHED: 2023-10-09 11:27:15.933295984 +0000 UTC m=+0.020664250
TIMEDOUT: 2023-10-09 11:37:15.914
