START: 2023-10-11 19:19:35.983
SEEDS: 2023-10-11 19:21:33.695
RUN: 2023-10-12 14:42:35.441
REACHED: 2023-10-12 14:42:35.459484637 +0000 UTC m=+0.012555691
DONE: 2023-10-12 14:44:26.787
