START: 2023-10-08 01:35:59.080
SEEDS: 2023-10-08 02:59:51.896
RUN: 2023-10-08 02:59:51.897
REACHED: 2023-10-08 02:59:52.381666749 +0000 UTC m=+0.478952218
TIMEDOUT: 2023-10-08 03:09:51.904
