START: 2023-09-25 11:51:43.500
SEEDS: 2023-09-25 11:51:50.059
REACHED: 2023-09-25 11:51:50.081558069 +0000 UTC m=+0.016749699
DONE: 2023-09-25 11:51:54.569
