START: 2023-09-14 14:41:04.286
SEEDS: 2023-09-14 14:41:04.295
REACHED: 2023-09-14 14:41:04.312951864 +0000 UTC m=+0.012429917
DONE: 2023-09-14 14:41:17.973
