START: 2023-10-08 20:06:03.240
SEEDS: 2023-10-08 20:06:35.643
RUN: 2023-10-15 23:44:51.111
REACHED: 2023-10-15 23:44:51.13226648 +0000 UTC m=+0.015990974
TIMEDOUT: 2023-10-15 23:54:51.117
