START: 2023-10-04 16:48:37.069
SEEDS: 2023-10-04 16:52:58.533
RUN: 2023-10-18 16:05:44.014
REACHED: 2023-10-18 16:05:44.033203286 +0000 UTC m=+0.013814709
TIMEDOUT: 2023-10-18 16:15:44.021
