START: 2023-10-05 15:11:13.238
SEEDS: 2023-10-05 15:13:59.805
RUN: 2023-10-18 08:17:15.058
REACHED: 2023-10-18 08:17:15.080457024 +0000 UTC m=+0.016919762
TIMEDOUT: 2023-10-18 08:27:15.065
