START: 2023-10-06 17:31:20.572
SEEDS: 2023-10-06 17:31:29.119
RUN: 2023-10-14 01:17:12.052
REACHED: 2023-10-14 01:17:12.176416482 +0000 UTC m=+0.118785838
DONE: 2023-10-14 01:19:34.622
