START: 2023-10-08 00:11:04.260
SEEDS: 2023-10-08 01:35:07.527
RUN: 2023-10-08 01:35:07.529
REACHED: 2023-10-08 01:35:07.604915075 +0000 UTC m=+0.070835768
DONE: 2023-10-08 01:35:59.067
