START: 2023-10-10 10:57:24.229
SEEDS: 2023-10-10 10:57:56.161
RUN: 2023-10-15 18:17:07.496
REACHED: 2023-10-15 18:17:07.515399646 +0000 UTC m=+0.013270056
TIMEDOUT: 2023-10-15 18:27:07.503
