START: 2023-09-27 09:50:17.179
SEEDS: 2023-09-27 09:50:24.670
RUN: 2023-10-12 16:47:48.698
REACHED: 2023-10-12 16:47:48.716424683 +0000 UTC m=+0.012583003
DONE: 2023-10-12 16:48:09.318
