START: 2023-09-29 11:04:40.183
SEEDS: 2023-09-29 11:05:13.688
RUN: 2023-10-12 22:01:50.257
REACHED: 2023-10-12 22:01:50.27629577 +0000 UTC m=+0.013533143
DONE: 2023-10-12 22:04:34.989
