START: 2023-10-06 17:03:24.073
SEEDS: 2023-10-06 17:03:32.605
RUN: 2023-10-14 04:25:16.459
REACHED: 2023-10-14 04:25:17.322727175 +0000 UTC m=+0.857942743
DONE: 2023-10-14 04:25:45.322
