START: 2023-10-10 13:54:23.092
RUN: 2023-10-10 13:54:23.094
REACHED: 2023-10-10 13:54:23.111910779 +0000 UTC m=+0.012510477
DONE: 2023-10-10 13:54:36.957
