START: 2023-10-10 17:53:32.539
SEEDS: 2023-10-10 17:55:00.528
RUN: 2023-10-12 13:02:11.283
REACHED: 2023-10-12 13:02:11.300599326 +0000 UTC m=+0.012492862
DONE: 2023-10-12 13:03:14.768
