START: 2023-10-09 00:12:53.970
SEEDS: 2023-10-09 01:37:40.805
RUN: 2023-10-09 01:37:40.807
REACHED: 2023-10-09 01:37:41.130318207 +0000 UTC m=+0.317903373
DONE: 2023-10-09 01:37:46.326
