START: 2023-10-13 12:49:54.316
SEEDS: 2023-10-13 12:52:31.913
RUN: 2023-10-17 21:29:56.787
REACHED: 2023-10-17 21:29:56.80672999 +0000 UTC m=+0.013545218
TIMEDOUT: 2023-10-17 21:39:56.794
