START: 2023-10-10 17:09:13.691
SEEDS: 2023-10-10 17:09:13.699
RUN: 2023-10-10 17:09:13.701
REACHED: 2023-10-10 17:09:13.719165725 +0000 UTC m=+0.012519799
DONE: 2023-10-10 17:09:37.985
