START: 2023-10-11 18:31:26.271
SEEDS: 2023-10-11 18:35:41.914
RUN: 2023-10-16 14:25:59.546
REACHED: 2023-10-16 14:25:59.562464703 +0000 UTC m=+0.010478539
TIMEDOUT: 2023-10-16 14:35:59.553
