START: 2023-10-11 20:31:55.964
SEEDS: 2023-10-11 20:33:53.446
RUN: 2023-10-13 16:15:42.023
REACHED: 2023-10-13 16:15:42.071201266 +0000 UTC m=+0.042432795
DONE: 2023-10-13 16:17:25.138
