START: 2023-10-08 20:02:32.200
SEEDS: 2023-10-08 20:03:11.977
RUN: 2023-10-13 12:24:04.951
REACHED: 2023-10-13 12:24:05.204637601 +0000 UTC m=+0.248159954
TIMEDOUT: 2023-10-13 12:34:04.958
