START: 2023-10-06 17:07:29.793
SEEDS: 2023-10-06 17:07:37.741
RUN: 2023-10-17 11:57:41.486
REACHED: 2023-10-17 11:57:41.516198329 +0000 UTC m=+0.024197505
DONE: 2023-10-17 12:03:06.704
