START: 2023-09-25 12:01:28.282
SEEDS: 2023-09-25 12:01:37.568
REACHED: 2023-09-25 12:01:37.585749804 +0000 UTC m=+0.012473045
DONE: 2023-09-25 12:01:44.904
