START: 2023-10-13 10:32:57.179
SEEDS: 2023-10-13 10:35:01.988
RUN: 2023-10-14 07:43:39.710
REACHED: 2023-10-14 07:43:40.312517405 +0000 UTC m=+0.596642570
TIMEDOUT: 2023-10-14 07:53:39.717
