START: 2023-10-09 12:39:43.822
SEEDS: 2023-10-09 12:40:23.346
RUN: 2023-10-12 13:57:49.976
REACHED: 2023-10-12 13:57:49.995372383 +0000 UTC m=+0.013619272
DONE: 2023-10-12 13:58:28.284
