START: 2023-10-08 18:53:01.233
SEEDS: 2023-10-08 18:54:06.115
RUN: 2023-10-13 12:58:05.575
REACHED: 2023-10-13 12:58:05.752093541 +0000 UTC m=+0.172119832
TIMEDOUT: 2023-10-13 13:08:05.581
