START: 2023-09-14 14:35:48.543
SEEDS: 2023-09-14 14:35:48.552
REACHED: 2023-09-14 14:35:48.569950734 +0000 UTC m=+0.012234904
DONE: 2023-09-14 14:36:04.334
