START: 2023-09-18 09:57:54.357
SEEDS: 2023-09-18 09:59:07.058
RUN: 2023-10-12 15:36:31.667
REACHED: 2023-10-12 15:36:31.684832678 +0000 UTC m=+0.012569643
DONE: 2023-10-12 15:36:59.335
