START: 2023-10-09 12:28:01.462
SEEDS: 2023-10-09 12:28:19.794
RUN: 2023-10-12 13:49:18.934
REACHED: 2023-10-12 13:49:18.952068765 +0000 UTC m=+0.012597123
DONE: 2023-10-12 13:49:39.578
