START: 2023-09-25 11:54:35.144
SEEDS: 2023-09-25 11:54:41.930
REACHED: 2023-09-25 11:54:41.948968554 +0000 UTC m=+0.013573628
DONE: 2023-09-25 11:55:19.599
