START: 2023-09-18 09:43:34.085
SEEDS: 2023-09-18 09:44:16.792
RUN: 2023-10-12 15:28:15.838
REACHED: 2023-10-12 15:28:15.856387529 +0000 UTC m=+0.012552609
DONE: 2023-10-12 15:28:50.235
