START: 2023-10-10 17:20:14.101
SEEDS: 2023-10-10 17:20:14.109
RUN: 2023-10-10 17:20:14.111
REACHED: 2023-10-10 17:20:14.194501377 +0000 UTC m=+0.078200512
TIMEDOUT: 2023-10-10 17:30:14.117
