START: 2023-10-08 18:47:14.353
SEEDS: 2023-10-08 18:47:30.468
RUN: 2023-10-12 14:25:18.538
REACHED: 2023-10-12 14:25:18.555867381 +0000 UTC m=+0.012573035
DONE: 2023-10-12 14:25:53.097
