START: 2023-10-06 14:55:33.487
SEEDS: 2023-10-06 15:15:28.188
RUN: 2023-10-13 18:32:58.479
REACHED: 2023-10-13 18:32:58.613374394 +0000 UTC m=+0.129366209
DONE: 2023-10-13 18:39:59.770
