START: 2023-10-08 18:42:02.727
SEEDS: 2023-10-08 18:42:19.929
RUN: 2023-10-12 14:19:25.725
REACHED: 2023-10-12 14:19:25.743206023 +0000 UTC m=+0.012524084
DONE: 2023-10-12 14:19:25.784
