START: 2023-10-08 18:49:28.001
SEEDS: 2023-10-08 18:49:44.849
RUN: 2023-10-12 14:27:30.584
REACHED: 2023-10-12 14:27:30.602652267 +0000 UTC m=+0.012555437
DONE: 2023-10-12 14:28:21.839
