START: 2023-10-06 17:07:02.587
SEEDS: 2023-10-06 17:07:11.053
RUN: 2023-10-17 11:28:53.789
REACHED: 2023-10-17 11:28:53.810866666 +0000 UTC m=+0.015736914
TIMEDOUT: 2023-10-17 11:38:53.796
