START: 2023-10-08 20:12:35.311
SEEDS: 2023-10-08 20:13:07.079
RUN: 2023-10-15 22:44:51.001
REACHED: 2023-10-15 22:44:51.022519753 +0000 UTC m=+0.015927923
TIMEDOUT: 2023-10-15 22:54:51.007
