START: 2023-10-05 09:29:20.089
SEEDS: 2023-10-05 09:32:04.798
RUN: 2023-10-14 09:39:02.648
REACHED: 2023-10-14 09:39:02.787176657 +0000 UTC m=+0.133965589
DONE: 2023-10-14 09:39:29.535
