START: 2023-10-04 19:48:26.313
SEEDS: 2023-10-04 19:49:15.123
RUN: 2023-10-18 04:34:25.920
REACHED: 2023-10-18 04:34:25.935693013 +0000 UTC m=+0.010141256
TIMEDOUT: 2023-10-18 04:44:25.927
