START: 2023-10-06 23:16:01.058
SEEDS: 2023-10-06 23:18:38.098
RUN: 2023-10-16 18:26:40.693
REACHED: 2023-10-16 18:26:40.720589302 +0000 UTC m=+0.022207784
DONE: 2023-10-16 18:32:13.606
