START: 2023-10-07 04:11:25.254
SEEDS: 2023-10-07 04:17:48.861
RUN: 2023-10-13 03:01:23.476
REACHED: 2023-10-13 03:01:23.709356297 +0000 UTC m=+0.227981316
DONE: 2023-10-13 03:01:31.639
