START: 2023-10-08 16:58:12.276
SEEDS: 2023-10-08 16:58:20.077
RUN: 2023-10-12 15:41:47.831
REACHED: 2023-10-12 15:41:47.848921001 +0000 UTC m=+0.012591526
DONE: 2023-10-12 15:42:10.416
