START: 2023-09-27 14:45:16.787
SEEDS: 2023-09-27 14:47:58.032
RUN: 2023-10-12 20:57:15.688
REACHED: 2023-10-12 20:57:15.706747131 +0000 UTC m=+0.012571519
DONE: 2023-10-12 20:57:24.140
