START: 2023-10-13 09:28:10.453
SEEDS: 2023-10-13 09:30:22.525
RUN: 2023-10-13 14:10:15.743
REACHED: 2023-10-13 14:10:15.762391589 +0000 UTC m=+0.013546213
DONE: 2023-10-13 14:11:34.315
