START: 2023-10-08 19:13:31.533
SEEDS: 2023-10-08 19:14:28.506
RUN: 2023-10-16 03:54:51.573
REACHED: 2023-10-16 03:54:51.594384572 +0000 UTC m=+0.015889822
TIMEDOUT: 2023-10-16 04:04:51.580
