START: 2023-09-27 09:53:25.951
SEEDS: 2023-09-27 09:53:42.791
RUN: 2023-10-12 16:49:56.283
REACHED: 2023-10-12 16:49:56.301329706 +0000 UTC m=+0.012496610
DONE: 2023-10-12 16:50:14.912
