START: 2023-10-10 16:22:27.986
SEEDS: 2023-10-10 16:23:42.780
RUN: 2023-10-12 13:14:08.301
REACHED: 2023-10-12 13:14:08.326491652 +0000 UTC m=+0.019494027
DONE: 2023-10-12 13:15:45.234
