START: 2023-10-04 17:49:56.763
SEEDS: 2023-10-04 17:52:11.824
RUN: 2023-10-18 19:30:10.918
REACHED: 2023-10-18 19:30:10.941111237 +0000 UTC m=+0.017886893
DONE: 2023-10-18 19:38:12.661
