START: 2023-10-11 18:00:59.818
SEEDS: 2023-10-11 18:01:20.542
RUN: 2023-10-16 12:22:27.408
REACHED: 2023-10-16 12:22:27.429080567 +0000 UTC m=+0.015756967
DONE: 2023-10-16 12:25:59.309
