START: 2023-10-04 19:09:09.605
SEEDS: 2023-10-04 19:09:53.767
RUN: 2023-10-14 11:50:01.594
REACHED: 2023-10-14 11:50:01.9355743 +0000 UTC m=+0.336446554
DONE: 2023-10-14 11:53:52.822
