START: 2023-10-10 18:10:24.842
SEEDS: 2023-10-10 18:10:24.851
RUN: 2023-10-10 18:10:24.853
REACHED: 2023-10-10 18:10:24.867564888 +0000 UTC m=+0.009501436
TIMEDOUT: 2023-10-10 18:20:24.859
