START: 2023-10-10 16:27:54.301
SEEDS: 2023-10-10 16:28:33.247
RUN: 2023-10-12 13:18:06.144
REACHED: 2023-10-12 13:18:06.162527579 +0000 UTC m=+0.012530403
DONE: 2023-10-12 13:18:06.305
