START: 2023-10-06 17:14:50.418
SEEDS: 2023-10-06 17:14:58.087
RUN: 2023-10-14 06:02:50.419
REACHED: 2023-10-14 06:02:51.117093129 +0000 UTC m=+0.692295597
TIMEDOUT: 2023-10-14 06:12:50.426
