START: 2023-09-28 01:48:19.922
SEEDS: 2023-09-28 03:13:47.351
REACHED: 2023-09-28 03:13:47.368902394 +0000 UTC m=+0.012482885
DONE: 2023-09-28 03:14:43.518
