START: 2023-10-06 17:36:44.500
SEEDS: 2023-10-06 17:39:43.101
RUN: 2023-10-13 20:18:37.306
REACHED: 2023-10-13 20:18:37.345441327 +0000 UTC m=+0.034224604
TIMEDOUT: 2023-10-13 20:28:37.312
