START: 2023-10-04 16:46:16.990
SEEDS: 2023-10-04 16:46:53.815
RUN: 2023-10-14 18:17:25.454
REACHED: 2023-10-14 18:17:25.487117029 +0000 UTC m=+0.027660210
TIMEDOUT: 2023-10-14 18:27:25.460
