START: 2023-10-10 17:10:22.802
SEEDS: 2023-10-10 17:10:49.244
RUN: 2023-10-15 02:14:17.016
REACHED: 2023-10-15 02:14:17.044035608 +0000 UTC m=+0.022531737
TIMEDOUT: 2023-10-15 02:24:17.022
