START: 2023-10-11 19:04:25.512
SEEDS: 2023-10-11 19:06:22.731
RUN: 2023-10-12 14:37:30.134
REACHED: 2023-10-12 14:37:30.152524464 +0000 UTC m=+0.012623821
DONE: 2023-10-12 14:39:00.921
