START: 2023-10-08 20:13:07.088
SEEDS: 2023-10-08 20:13:39.011
RUN: 2023-10-15 23:24:51.074
REACHED: 2023-10-15 23:24:51.09934733 +0000 UTC m=+0.019872804
TIMEDOUT: 2023-10-15 23:34:51.080
