START: 2023-10-09 13:22:44.033
SEEDS: 2023-10-09 13:23:02.871
RUN: 2023-10-15 16:24:19.050
REACHED: 2023-10-15 16:24:19.075013838 +0000 UTC m=+0.018911062
TIMEDOUT: 2023-10-15 16:34:19.057
