START: 2023-10-11 20:18:13.136
SEEDS: 2023-10-11 20:20:14.324
RUN: 2023-10-13 16:41:49.498
REACHED: 2023-10-13 16:41:50.19998859 +0000 UTC m=+0.696034762
DONE: 2023-10-13 16:41:51.028
