START: 2023-10-11 15:28:09.098
SEEDS: 2023-10-11 15:29:29.590
RUN: 2023-10-13 17:13:59.525
REACHED: 2023-10-13 17:14:00.089793322 +0000 UTC m=+0.559566394
DONE: 2023-10-13 17:14:07.315
