START: 2023-10-08 16:51:04.239
SEEDS: 2023-10-08 16:51:14.644
RUN: 2023-10-17 02:30:38.044
REACHED: 2023-10-17 02:30:38.061507597 +0000 UTC m=+0.011424307
TIMEDOUT: 2023-10-17 02:40:38.051
