START: 2023-10-05 14:37:55.177
SEEDS: 2023-10-05 14:40:39.566
RUN: 2023-10-14 14:54:05.706
REACHED: 2023-10-14 14:54:06.015500125 +0000 UTC m=+0.303586123
DONE: 2023-10-14 14:57:11.584
