START: 2023-10-04 15:09:07.454
SEEDS: 2023-10-04 15:15:37.567
RUN: 2023-10-14 17:04:06.102
REACHED: 2023-10-14 17:04:06.187095801 +0000 UTC m=+0.079211548
DONE: 2023-10-14 17:10:38.922
