START: 2023-10-10 10:39:24.129
SEEDS: 2023-10-10 10:39:55.290
RUN: 2023-10-13 08:10:33.844
REACHED: 2023-10-13 08:10:34.006853798 +0000 UTC m=+0.157224218
TIMEDOUT: 2023-10-13 08:20:33.851
