START: 2023-09-18 09:41:15.758
SEEDS: 2023-09-18 09:41:40.437
RUN: 2023-10-12 15:26:19.644
REACHED: 2023-10-12 15:26:19.661875827 +0000 UTC m=+0.012302081
DONE: 2023-10-12 15:27:26.154
