START: 2023-10-10 17:06:48.855
SEEDS: 2023-10-10 17:06:48.864
RUN: 2023-10-10 17:06:48.866
REACHED: 2023-10-10 17:06:48.883686814 +0000 UTC m=+0.012382020
DONE: 2023-10-10 17:07:06.204
