START: 2023-10-07 09:10:32.539
SEEDS: 2023-10-07 09:14:41.679
RUN: 2023-10-15 06:12:38.988
REACHED: 2023-10-15 06:12:39.00656787 +0000 UTC m=+0.012914479
TIMEDOUT: 2023-10-15 06:22:38.995
