START: 2023-10-07 07:58:21.533
SEEDS: 2023-10-07 07:58:35.450
RUN: 2023-10-15 05:09:27.194
REACHED: 2023-10-15 05:09:27.213632056 +0000 UTC m=+0.013572687
TIMEDOUT: 2023-10-15 05:19:27.201
