START: 2023-10-07 17:00:31.818
SEEDS: 2023-10-07 18:24:31.587
RUN: 2023-10-07 18:24:31.589
REACHED: 2023-10-07 18:24:31.915674004 +0000 UTC m=+0.321653626
TIMEDOUT: 2023-10-07 18:34:31.595
