START: 2023-10-08 19:53:07.975
SEEDS: 2023-10-08 19:53:47.989
RUN: 2023-10-13 12:23:32.606
REACHED: 2023-10-13 12:23:33.372548284 +0000 UTC m=+0.760977294
DONE: 2023-10-13 12:23:41.586
