START: 2023-10-04 19:58:17.814
SEEDS: 2023-10-04 19:59:06.465
RUN: 2023-10-18 05:34:26.030
REACHED: 2023-10-18 05:34:26.053298733 +0000 UTC m=+0.017643171
TIMEDOUT: 2023-10-18 05:44:26.037
