START: 2023-10-13 11:20:59.823
SEEDS: 2023-10-13 11:23:04.490
RUN: 2023-10-17 17:55:57.826
REACHED: 2023-10-17 17:55:57.846531066 +0000 UTC m=+0.014392252
TIMEDOUT: 2023-10-17 18:05:57.833
