START: 2023-10-05 12:09:09.357
SEEDS: 2023-10-05 12:09:39.427
RUN: 2023-10-14 15:56:56.130
REACHED: 2023-10-14 15:56:56.277738008 +0000 UTC m=+0.142079130
DONE: 2023-10-14 15:58:02.298
