START: 2023-10-10 17:03:23.206
SEEDS: 2023-10-10 17:03:23.215
RUN: 2023-10-10 17:03:23.217
REACHED: 2023-10-10 17:03:23.23486526 +0000 UTC m=+0.012569258
DONE: 2023-10-10 17:04:09.365
