START: 2023-10-05 10:49:42.500
SEEDS: 2023-10-05 10:52:28.374
RUN: 2023-10-18 00:03:49.924
REACHED: 2023-10-18 00:03:49.944802995 +0000 UTC m=+0.015148667
TIMEDOUT: 2023-10-18 00:13:49.931
