START: 2023-10-13 09:03:56.952
SEEDS: 2023-10-13 09:06:08.251
RUN: 2023-10-13 14:07:31.158
REACHED: 2023-10-13 14:07:31.176878536 +0000 UTC m=+0.012695622
DONE: 2023-10-13 14:08:21.305
