START: 2023-10-05 15:32:18.015
SEEDS: 2023-10-05 15:32:18.024
RUN: 2023-10-05 15:32:18.025
REACHED: 2023-10-05 15:32:18.040567207 +0000 UTC m=+0.009636601
TIMEDOUT: 2023-10-05 15:42:18.032
