START: 2023-09-14 16:57:33.509
SEEDS: 2023-09-14 17:01:55.039
RUN: 2023-10-12 13:34:21.516
REACHED: 2023-10-12 13:34:21.534735133 +0000 UTC m=+0.012700233
DONE: 2023-10-12 13:34:49.729
