START: 2023-10-06 17:08:52.483
SEEDS: 2023-10-06 17:09:06.577
RUN: 2023-10-17 13:33:06.878
REACHED: 2023-10-17 13:33:06.89754595 +0000 UTC m=+0.013810284
TIMEDOUT: 2023-10-17 13:43:06.885
