START: 2023-10-09 12:31:42.723
SEEDS: 2023-10-09 12:32:00.374
RUN: 2023-10-12 13:51:27.049
REACHED: 2023-10-12 13:51:27.067045793 +0000 UTC m=+0.012556564
DONE: 2023-10-12 13:51:27.108
