START: 2023-10-08 17:07:53.385
SEEDS: 2023-10-08 17:08:12.089
RUN: 2023-10-13 21:53:44.865
REACHED: 2023-10-13 21:53:45.200886698 +0000 UTC m=+0.330575906
DONE: 2023-10-13 22:00:49.529
