START: 2023-09-18 09:43:00.962
SEEDS: 2023-09-18 09:43:20.910
RUN: 2023-10-12 15:27:54.025
REACHED: 2023-10-12 15:27:54.043565511 +0000 UTC m=+0.012666391
DONE: 2023-10-12 15:28:15.818
