START: 2023-10-13 11:02:42.844
SEEDS: 2023-10-13 11:04:54.883
RUN: 2023-10-14 08:21:59.029
REACHED: 2023-10-14 08:21:59.184757144 +0000 UTC m=+0.150675269
TIMEDOUT: 2023-10-14 08:31:59.035
