START: 2023-10-05 10:52:28.380
SEEDS: 2023-10-05 10:55:14.445
RUN: 2023-10-18 00:43:49.997
REACHED: 2023-10-18 00:43:50.02221366 +0000 UTC m=+0.019043048
TIMEDOUT: 2023-10-18 00:53:50.004
