START: 2023-10-13 12:56:54.845
SEEDS: 2023-10-13 12:59:36.160
RUN: 2023-10-17 21:49:56.826
REACHED: 2023-10-17 21:49:56.845623415 +0000 UTC m=+0.014354278
TIMEDOUT: 2023-10-17 21:59:56.832
