START: 2023-10-08 17:11:04.466
SEEDS: 2023-10-08 17:11:14.344
RUN: 2023-10-16 23:33:02.279
REACHED: 2023-10-16 23:33:02.298136058 +0000 UTC m=+0.013652063
TIMEDOUT: 2023-10-16 23:43:02.285
