START: 2023-09-18 09:15:32.863
SEEDS: 2023-09-18 09:35:58.792
RUN: 2023-10-12 15:21:50.113
REACHED: 2023-10-12 15:21:50.130815219 +0000 UTC m=+0.012354070
DONE: 2023-10-12 15:24:11.902
