START: 2023-10-06 17:34:31.946
SEEDS: 2023-10-06 17:34:39.432
RUN: 2023-10-17 06:46:46.023
REACHED: 2023-10-17 06:46:46.046784847 +0000 UTC m=+0.018177350
TIMEDOUT: 2023-10-17 06:56:46.029
