START: 2023-09-14 16:05:56.852
SEEDS: 2023-09-14 16:07:56.689
RUN: 2023-10-12 13:27:55.350
REACHED: 2023-10-12 13:27:55.367948986 +0000 UTC m=+0.012464920
DONE: 2023-10-12 13:28:09.860
