START: 2023-10-10 18:29:37.232
SEEDS: 2023-10-10 18:31:06.424
RUN: 2023-10-12 23:53:26.851
REACHED: 2023-10-12 23:53:26.930009762 +0000 UTC m=+0.073160493
TIMEDOUT: 2023-10-13 00:03:26.858
