START: 2023-10-10 10:45:13.659
SEEDS: 2023-10-10 10:45:55.977
RUN: 2023-10-13 08:45:56.032
REACHED: 2023-10-13 08:45:56.181656723 +0000 UTC m=+0.143758468
DONE: 2023-10-13 08:47:51.476
