START: 2023-09-25 14:40:53.256
SEEDS: 2023-09-25 14:41:07.774
RUN: 2023-10-12 16:09:57.284
REACHED: 2023-10-12 16:09:57.301788075 +0000 UTC m=+0.012494089
DONE: 2023-10-12 16:10:27.895
