START: 2023-10-06 17:05:52.123
SEEDS: 2023-10-06 17:06:01.612
RUN: 2023-10-17 10:18:53.660
REACHED: 2023-10-17 10:18:53.679253052 +0000 UTC m=+0.013344717
TIMEDOUT: 2023-10-17 10:28:53.667
