START: 2023-09-25 11:59:39.593
SEEDS: 2023-09-25 11:59:45.827
REACHED: 2023-09-25 11:59:45.845141376 +0000 UTC m=+0.012567038
DONE: 2023-09-25 12:00:59.269
