START: 2023-10-09 03:10:44.514
SEEDS: 2023-10-09 04:35:41.315
RUN: 2023-10-09 04:35:41.317
REACHED: 2023-10-09 04:35:41.383306447 +0000 UTC m=+0.060705464
TIMEDOUT: 2023-10-09 04:45:41.324
