START: 2023-10-10 16:30:49.809
SEEDS: 2023-10-10 16:31:26.421
RUN: 2023-10-12 13:20:57.768
REACHED: 2023-10-12 13:20:57.78655977 +0000 UTC m=+0.012596048
DONE: 2023-10-12 13:21:10.175
