START: 2023-09-27 09:52:23.953
SEEDS: 2023-09-27 09:52:32.817
RUN: 2023-10-12 16:48:19.294
REACHED: 2023-10-12 16:48:19.312587948 +0000 UTC m=+0.012593333
DONE: 2023-10-12 16:49:56.248
