START: 2023-09-25 14:40:36.071
SEEDS: 2023-09-25 14:40:53.250
RUN: 2023-10-12 16:09:00.786
REACHED: 2023-10-12 16:09:00.804195348 +0000 UTC m=+0.012660180
DONE: 2023-10-12 16:09:57.249
