START: 2023-10-11 16:57:20.882
SEEDS: 2023-10-11 16:59:03.092
RUN: 2023-10-13 17:52:34.466
REACHED: 2023-10-13 17:52:34.696663508 +0000 UTC m=+0.225602130
TIMEDOUT: 2023-10-13 18:02:34.472
