START: 2023-10-10 18:00:55.509
SEEDS: 2023-10-10 18:02:41.954
RUN: 2023-10-12 22:29:45.373
REACHED: 2023-10-12 22:29:45.640328693 +0000 UTC m=+0.262158573
TIMEDOUT: 2023-10-12 22:39:45.379
