START: 2023-10-05 15:36:14.335
SEEDS: 2023-10-05 15:39:00.317
RUN: 2023-10-18 09:34:41.162
REACHED: 2023-10-18 09:34:41.183328407 +0000 UTC m=+0.015455640
TIMEDOUT: 2023-10-18 09:44:41.169
