START: 2023-09-30 15:48:48.901
SEEDS: 2023-09-30 15:48:48.909
REACHED: 2023-09-30 15:48:48.981490294 +0000 UTC m=+0.066800772
DONE: 2023-09-30 15:57:35.620
