START: 2023-09-29 10:04:59.561
SEEDS: 2023-09-29 10:11:40.005
RUN: 2023-10-12 21:29:01.521
REACHED: 2023-10-12 21:29:01.539584947 +0000 UTC m=+0.012675805
DONE: 2023-10-12 21:29:16.120
