START: 2023-10-07 10:28:48.103
SEEDS: 2023-10-07 10:29:19.508
RUN: 2023-10-15 07:22:39.117
REACHED: 2023-10-15 07:22:39.141252697 +0000 UTC m=+0.018354177
TIMEDOUT: 2023-10-15 07:32:39.124
