START: 2023-10-06 17:05:28.393
SEEDS: 2023-10-06 17:05:36.087
RUN: 2023-10-17 09:48:53.605
REACHED: 2023-10-17 09:48:53.629670848 +0000 UTC m=+0.018997929
TIMEDOUT: 2023-10-17 09:58:53.612
