START: 2023-10-07 04:23:45.859
SEEDS: 2023-10-07 04:28:55.841
RUN: 2023-10-13 03:01:46.086
REACHED: 2023-10-13 03:01:46.171658507 +0000 UTC m=+0.079656961
TIMEDOUT: 2023-10-13 03:11:46.093
