START: 2023-10-09 12:37:58.580
SEEDS: 2023-10-09 12:38:14.189
RUN: 2023-10-12 13:56:25.534
REACHED: 2023-10-12 13:56:25.552020463 +0000 UTC m=+0.012537098
DONE: 2023-10-12 13:56:45.729
