START: 2023-10-05 15:25:06.624
SEEDS: 2023-10-05 15:27:53.468
RUN: 2023-10-18 11:22:26.584
REACHED: 2023-10-18 11:22:26.607648216 +0000 UTC m=+0.018309471
TIMEDOUT: 2023-10-18 11:32:26.590
