START: 2023-10-10 19:20:25.067
SEEDS: 2023-10-10 19:20:25.076
RUN: 2023-10-10 19:20:25.078
REACHED: 2023-10-10 19:20:25.093370157 +0000 UTC m=+0.010146460
TIMEDOUT: 2023-10-10 19:30:25.084
