START: 2023-10-11 14:37:34.000
SEEDS: 2023-10-11 14:44:17.075
RUN: 2023-10-12 15:07:16.624
REACHED: 2023-10-12 15:07:16.641924796 +0000 UTC m=+0.012491245
DONE: 2023-10-12 15:07:25.669
