START: 2023-10-09 12:47:45.576
SEEDS: 2023-10-09 12:48:15.862
RUN: 2023-10-13 06:11:27.581
REACHED: 2023-10-13 06:11:28.305036367 +0000 UTC m=+0.719079779
DONE: 2023-10-13 06:11:29.385
