START: 2023-09-29 10:37:34.182
SEEDS: 2023-09-29 10:38:02.577
RUN: 2023-10-12 21:40:33.248
REACHED: 2023-10-12 21:40:33.265941871 +0000 UTC m=+0.012476922
DONE: 2023-10-12 21:40:52.184
