START: 2023-09-25 14:42:23.724
SEEDS: 2023-09-25 14:42:37.088
RUN: 2023-10-12 16:12:04.179
REACHED: 2023-10-12 16:12:04.197956113 +0000 UTC m=+0.012582296
DONE: 2023-10-12 16:12:21.885
