START: 2023-09-27 09:56:52.934
SEEDS: 2023-09-27 09:57:02.190
RUN: 2023-10-12 16:51:42.202
REACHED: 2023-10-12 16:51:42.21983728 +0000 UTC m=+0.012478649
DONE: 2023-10-12 16:52:11.840
