START: 2023-10-11 18:05:38.363
SEEDS: 2023-10-11 18:08:06.093
RUN: 2023-10-16 12:35:59.338
REACHED: 2023-10-16 12:35:59.360089952 +0000 UTC m=+0.016040677
TIMEDOUT: 2023-10-16 12:45:59.345
