START: 2023-10-07 04:56:50.014
SEEDS: 2023-10-07 05:01:52.616
RUN: 2023-10-13 03:32:30.083
REACHED: 2023-10-13 03:32:30.360108337 +0000 UTC m=+0.271288758
DONE: 2023-10-13 03:33:30.447
