START: 2023-10-06 17:32:48.934
SEEDS: 2023-10-06 17:32:57.451
RUN: 2023-10-14 02:12:22.810
REACHED: 2023-10-14 02:12:22.88628471 +0000 UTC m=+0.070280094
TIMEDOUT: 2023-10-14 02:22:22.817
