START: 2023-10-06 17:31:29.127
SEEDS: 2023-10-06 17:31:39.161
RUN: 2023-10-14 01:39:34.727
REACHED: 2023-10-14 01:39:34.851154239 +0000 UTC m=+0.118384561
DONE: 2023-10-14 01:39:52.918
