START: 2023-10-10 13:53:44.525
RUN: 2023-10-10 13:53:44.526
REACHED: 2023-10-10 13:53:44.544518984 +0000 UTC m=+0.012455886
DONE: 2023-10-10 13:54:23.058
