START: 2023-10-10 18:10:05.266
SEEDS: 2023-10-10 18:11:25.282
RUN: 2023-10-13 00:07:47.183
REACHED: 2023-10-13 00:07:47.389813675 +0000 UTC m=+0.201182397
DONE: 2023-10-13 00:16:27.119
