START: 2023-10-06 17:35:17.287
SEEDS: 2023-10-06 17:35:24.910
RUN: 2023-10-17 06:16:45.968
REACHED: 2023-10-17 06:16:45.988117383 +0000 UTC m=+0.014221387
TIMEDOUT: 2023-10-17 06:26:45.975
