START: 2023-10-10 17:13:22.705
SEEDS: 2023-10-10 17:13:58.307
RUN: 2023-10-15 03:04:17.109
REACHED: 2023-10-15 03:04:17.127929915 +0000 UTC m=+0.013142741
TIMEDOUT: 2023-10-15 03:14:17.116
