START: 2023-10-04 16:46:53.823
SEEDS: 2023-10-04 16:47:35.126
RUN: 2023-10-14 18:27:25.468
REACHED: 2023-10-14 18:27:25.507717466 +0000 UTC m=+0.033805346
DONE: 2023-10-14 18:27:53.032
