START: 2023-10-10 16:52:43.700
SEEDS: 2023-10-10 16:53:20.698
RUN: 2023-10-13 01:59:10.568
REACHED: 2023-10-13 01:59:10.69964869 +0000 UTC m=+0.126335571
DONE: 2023-10-13 02:02:29.143
