START: 2023-10-10 17:52:03.947
SEEDS: 2023-10-10 17:53:32.530
RUN: 2023-10-12 12:59:05.190
REACHED: 2023-10-12 12:59:05.208378396 +0000 UTC m=+0.012608791
DONE: 2023-10-12 12:59:29.514
