START: 2023-10-08 16:33:03.811
SEEDS: 2023-10-08 16:34:33.354
RUN: 2023-10-13 23:00:56.236
REACHED: 2023-10-13 23:00:56.325867903 +0000 UTC m=+0.084185334
DONE: 2023-10-13 23:01:30.921
