START: 2023-10-09 14:17:50.531
SEEDS: 2023-10-09 14:18:37.147
RUN: 2023-10-15 08:02:39.190
REACHED: 2023-10-15 08:02:39.214355911 +0000 UTC m=+0.018881770
TIMEDOUT: 2023-10-15 08:12:39.196
