START: 2023-10-10 18:44:23.365
SEEDS: 2023-10-10 18:45:43.231
RUN: 2023-10-14 19:02:48.776
REACHED: 2023-10-14 19:02:48.797787297 +0000 UTC m=+0.016398026
TIMEDOUT: 2023-10-14 19:12:48.782
