START: 2023-10-08 19:21:30.348
SEEDS: 2023-10-08 19:21:48.833
RUN: 2023-10-16 06:04:51.822
REACHED: 2023-10-16 06:04:51.85018449 +0000 UTC m=+0.022262871
TIMEDOUT: 2023-10-16 06:14:51.829
