START: 2023-10-09 13:16:19.033
SEEDS: 2023-10-09 13:16:41.727
RUN: 2023-10-15 15:24:18.937
REACHED: 2023-10-15 15:24:18.960930846 +0000 UTC m=+0.018206435
TIMEDOUT: 2023-10-15 15:34:18.944
