START: 2023-09-25 12:04:19.588
SEEDS: 2023-09-25 12:04:26.263
REACHED: 2023-09-25 12:04:26.281070562 +0000 UTC m=+0.012558467
DONE: 2023-09-25 12:05:08.114
