START: 2023-10-10 14:51:41.645
RUN: 2023-10-10 14:51:41.646
REACHED: 2023-10-10 14:51:41.675960715 +0000 UTC m=+0.024048455
TIMEDOUT: 2023-10-10 15:01:41.653
