START: 2023-10-13 12:19:55.686
SEEDS: 2023-10-13 12:22:31.964
RUN: 2023-10-17 19:35:58.011
REACHED: 2023-10-17 19:35:58.02630384 +0000 UTC m=+0.009614699
TIMEDOUT: 2023-10-17 19:45:58.018
