START: 2023-09-18 09:52:26.682
SEEDS: 2023-09-18 09:53:47.363
RUN: 2023-10-12 15:32:35.363
REACHED: 2023-10-12 15:32:35.386148697 +0000 UTC m=+0.016883115
DONE: 2023-10-12 15:34:39.084
