START: 2023-10-06 17:32:40.527
SEEDS: 2023-10-06 17:32:48.924
RUN: 2023-10-14 01:50:04.443
REACHED: 2023-10-14 01:50:04.534968491 +0000 UTC m=+0.086339149
DONE: 2023-10-14 01:52:21.752
