START: 2023-10-04 16:44:45.682
SEEDS: 2023-10-04 16:45:48.448
RUN: 2023-10-14 18:12:12.998
REACHED: 2023-10-14 18:12:13.201230937 +0000 UTC m=+0.197707856
DONE: 2023-10-14 18:12:15.128
