START: 2023-10-08 16:40:51.233
SEEDS: 2023-10-08 16:41:02.251
RUN: 2023-10-13 23:53:00.936
REACHED: 2023-10-13 23:53:01.03351079 +0000 UTC m=+0.091744346
DONE: 2023-10-13 23:56:44.789
