START: 2023-10-05 11:56:57.457
SEEDS: 2023-10-05 11:59:49.725
RUN: 2023-10-14 15:40:29.033
REACHED: 2023-10-14 15:40:29.065615654 +0000 UTC m=+0.026850811
DONE: 2023-10-14 15:40:33.540
