START: 2023-10-08 20:13:39.020
SEEDS: 2023-10-08 20:14:11.209
RUN: 2023-10-16 00:04:51.147
REACHED: 2023-10-16 00:04:51.180314088 +0000 UTC m=+0.027257960
TIMEDOUT: 2023-10-16 00:14:51.154
