START: 2023-10-08 17:00:42.859
SEEDS: 2023-10-08 17:00:51.528
RUN: 2023-10-12 15:45:02.089
REACHED: 2023-10-12 15:45:02.107912007 +0000 UTC m=+0.013491707
DONE: 2023-10-12 15:45:24.600
