START: 2023-10-05 09:48:36.627
SEEDS: 2023-10-05 09:51:24.472
RUN: 2023-10-14 09:39:29.542
REACHED: 2023-10-14 09:39:29.578814248 +0000 UTC m=+0.031629861
DONE: 2023-10-14 09:39:31.783
