START: 2023-10-05 15:55:42.256
SEEDS: 2023-10-05 15:58:28.521
RUN: 2023-10-18 09:44:41.180
REACHED: 2023-10-18 09:44:41.207367596 +0000 UTC m=+0.021239497
TIMEDOUT: 2023-10-18 09:54:41.187
