START: 2023-10-05 12:03:44.961
SEEDS: 2023-10-05 12:05:46.716
RUN: 2023-10-14 15:54:46.296
REACHED: 2023-10-14 15:54:46.485794746 +0000 UTC m=+0.184287593
DONE: 2023-10-14 15:54:49.242
