START: 2023-10-10 20:00:25.195
SEEDS: 2023-10-10 20:00:25.204
RUN: 2023-10-10 20:00:25.205
REACHED: 2023-10-10 20:00:25.220283807 +0000 UTC m=+0.009611694
DONE: 2023-10-10 20:07:19.798
