START: 2023-10-11 19:08:20.592
SEEDS: 2023-10-11 19:10:19.378
RUN: 2023-10-12 14:47:49.707
REACHED: 2023-10-12 14:47:49.724955263 +0000 UTC m=+0.012579139
DONE: 2023-10-12 14:48:01.701
