START: 2023-09-26 18:38:42.804
SEEDS: 2023-09-26 18:39:10.738
RUN: 2023-10-12 21:11:01.168
REACHED: 2023-10-12 21:11:01.186477378 +0000 UTC m=+0.012598535
DONE: 2023-10-12 21:11:15.407
