START: 2023-10-10 17:10:44.841
SEEDS: 2023-10-10 17:10:44.849
RUN: 2023-10-10 17:10:44.851
REACHED: 2023-10-10 17:10:44.873457636 +0000 UTC m=+0.016834490
DONE: 2023-10-10 17:11:36.491
