START: 2023-09-29 15:34:45.697
REACHED: 2023-09-29 15:34:45.948921475 +0000 UTC m=+0.246608319
TIMEDOUT: 2023-09-29 15:44:45.703
