START: 2023-10-09 13:37:07.847
SEEDS: 2023-10-09 13:38:01.318
RUN: 2023-10-12 13:44:40.739
REACHED: 2023-10-12 13:44:40.757237178 +0000 UTC m=+0.012376466
DONE: 2023-10-12 13:44:40.802
