START: 2023-10-04 17:14:09.480
SEEDS: 2023-10-04 17:16:52.638
RUN: 2023-10-18 17:05:44.126
REACHED: 2023-10-18 17:05:44.148051741 +0000 UTC m=+0.016660192
TIMEDOUT: 2023-10-18 17:15:44.132
