START: 2023-10-08 17:01:08.773
SEEDS: 2023-10-08 17:01:16.820
RUN: 2023-10-12 15:53:29.414
REACHED: 2023-10-12 15:53:29.431900712 +0000 UTC m=+0.012524521
DONE: 2023-10-12 15:53:45.237
