START: 2023-10-09 13:09:43.683
SEEDS: 2023-10-09 13:11:24.401
RUN: 2023-10-15 13:54:18.769
REACHED: 2023-10-15 13:54:18.789456512 +0000 UTC m=+0.014716070
TIMEDOUT: 2023-10-15 14:04:18.776
