START: 2023-10-09 12:52:44.126
SEEDS: 2023-10-09 12:52:59.647
RUN: 2023-10-13 06:59:37.377
REACHED: 2023-10-13 06:59:37.570648215 +0000 UTC m=+0.187713396
DONE: 2023-10-13 07:01:52.691
