START: 2023-09-25 11:55:52.846
SEEDS: 2023-09-25 11:55:59.436
REACHED: 2023-09-25 11:55:59.4553215 +0000 UTC m=+0.013614748
DONE: 2023-09-25 11:56:26.418
