START: 2023-10-10 17:04:52.349
SEEDS: 2023-10-10 17:06:03.645
RUN: 2023-10-15 01:04:16.884
REACHED: 2023-10-15 01:04:16.903186041 +0000 UTC m=+0.013496270
TIMEDOUT: 2023-10-15 01:14:16.891
