START: 2023-10-08 16:38:14.483
SEEDS: 2023-10-08 16:39:02.118
RUN: 2023-10-13 23:18:34.834
REACHED: 2023-10-13 23:18:35.738476391 +0000 UTC m=+0.898434191
DONE: 2023-10-13 23:19:47.773
