START: 2023-10-13 12:24:49.496
SEEDS: 2023-10-13 12:25:19.238
RUN: 2023-10-17 19:55:58.048
REACHED: 2023-10-17 19:55:58.068845156 +0000 UTC m=+0.014807396
TIMEDOUT: 2023-10-17 20:05:58.055
