START: 2023-09-29 13:38:52.647
SEEDS: 2023-09-29 13:43:20.835
RUN: 2023-10-12 22:14:28.353
REACHED: 2023-10-12 22:14:28.370958219 +0000 UTC m=+0.012444818
DONE: 2023-10-12 22:14:31.910
