START: 2023-10-05 15:00:03.801
SEEDS: 2023-10-05 15:02:50.505
RUN: 2023-10-18 09:54:41.199
REACHED: 2023-10-18 09:54:41.21862326 +0000 UTC m=+0.014146836
TIMEDOUT: 2023-10-18 10:04:41.205
