START: 2023-10-07 01:57:09.094
SEEDS: 2023-10-07 02:02:29.114
RUN: 2023-10-13 02:12:59.580
REACHED: 2023-10-13 02:13:00.24616467 +0000 UTC m=+0.660858397
TIMEDOUT: 2023-10-13 02:22:59.586
