START: 2023-10-08 12:15:54.230
SEEDS: 2023-10-08 13:41:32.236
RUN: 2023-10-08 13:41:32.238
REACHED: 2023-10-08 13:41:32.456752929 +0000 UTC m=+0.213654368
DONE: 2023-10-08 13:43:10.561
