START: 2023-10-09 14:12:36.340
SEEDS: 2023-10-09 14:13:28.068
RUN: 2023-10-13 04:10:43.900
REACHED: 2023-10-13 04:10:44.060818184 +0000 UTC m=+0.154961847
DONE: 2023-10-13 04:10:52.663
