START: 2023-10-05 13:53:41.988
SEEDS: 2023-10-05 13:56:26.883
RUN: 2023-10-14 13:53:24.272
REACHED: 2023-10-14 13:53:24.483051834 +0000 UTC m=+0.205328943
TIMEDOUT: 2023-10-14 14:03:24.279
