START: 2023-09-14 09:56:00.096
REACHED: 2023-09-14 09:56:00.112229757 +0000 UTC m=+0.012431473
DONE: 2023-09-14 09:56:19.080
