START: 2023-09-25 11:49:13.972
SEEDS: 2023-09-25 11:49:27.383
REACHED: 2023-09-25 11:49:27.400610041 +0000 UTC m=+0.012321245
DONE: 2023-09-25 11:49:42.623
