START: 2023-10-08 19:12:23.101
SEEDS: 2023-10-08 19:12:37.779
RUN: 2023-10-16 03:14:51.499
REACHED: 2023-10-16 03:14:51.521361855 +0000 UTC m=+0.016600866
TIMEDOUT: 2023-10-16 03:24:51.506
