START: 2023-10-08 16:48:22.342
SEEDS: 2023-10-08 16:48:29.361
RUN: 2023-10-17 01:00:37.879
REACHED: 2023-10-17 01:00:37.900342303 +0000 UTC m=+0.015476818
TIMEDOUT: 2023-10-17 01:10:37.886
