START: 2023-10-06 17:19:13.985
SEEDS: 2023-10-06 17:19:21.299
RUN: 2023-10-17 14:59:06.805
REACHED: 2023-10-17 14:59:06.828383152 +0000 UTC m=+0.017984308
TIMEDOUT: 2023-10-17 15:09:06.811
