START: 2023-10-10 16:27:18.293
SEEDS: 2023-10-10 16:27:54.290
RUN: 2023-10-12 13:17:56.031
REACHED: 2023-10-12 13:17:56.048652174 +0000 UTC m=+0.012255734
DONE: 2023-10-12 13:18:04.503
