START: 2023-10-09 14:01:30.554
SEEDS: 2023-10-09 14:02:23.629
RUN: 2023-10-13 04:36:57.103
REACHED: 2023-10-13 04:36:57.235408267 +0000 UTC m=+0.126803773
DONE: 2023-10-13 04:36:58.577
