START: 2023-09-30 15:21:54.083
SEEDS: 2023-09-30 15:21:54.092
REACHED: 2023-09-30 15:21:54.12064424 +0000 UTC m=+0.023142318
DONE: 2023-09-30 15:21:55.107
