START: 2023-10-06 16:45:38.877
SEEDS: 2023-10-06 16:45:47.778
RUN: 2023-10-14 03:16:33.413
REACHED: 2023-10-14 03:16:33.733840395 +0000 UTC m=+0.314866664
DONE: 2023-10-14 03:20:25.482
