START: 2023-09-18 09:38:05.886
SEEDS: 2023-09-18 09:38:17.766
RUN: 2023-10-12 15:24:28.379
REACHED: 2023-10-12 15:24:28.396889809 +0000 UTC m=+0.012420538
DONE: 2023-10-12 15:24:44.755
