START: 2023-10-07 05:01:53.740
SEEDS: 2023-10-07 05:06:03.393
RUN: 2023-10-13 03:33:30.454
REACHED: 2023-10-13 03:33:30.641228908 +0000 UTC m=+0.181374319
DONE: 2023-10-13 03:34:45.703
