START: 2023-09-29 15:27:12.975
REACHED: 2023-09-29 15:27:13.455866767 +0000 UTC m=+0.475907957
DONE: 2023-09-29 15:34:45.685
