START: 2023-10-04 15:02:30.893
SEEDS: 2023-10-04 15:09:07.448
RUN: 2023-10-14 17:04:04.742
REACHED: 2023-10-14 17:04:04.786058467 +0000 UTC m=+0.038128423
DONE: 2023-10-14 17:04:06.096
