START: 2023-09-27 09:36:50.317
SEEDS: 2023-09-27 09:37:03.109
RUN: 2023-10-12 16:37:56.444
REACHED: 2023-10-12 16:37:56.461815041 +0000 UTC m=+0.012509029
DONE: 2023-10-12 16:38:22.056
