START: 2023-10-08 17:05:49.696
SEEDS: 2023-10-08 17:06:08.488
RUN: 2023-10-13 21:30:33.578
REACHED: 2023-10-13 21:30:34.213948116 +0000 UTC m=+0.630618827
DONE: 2023-10-13 21:32:20.742
