START: 2023-09-14 16:53:50.024
SEEDS: 2023-09-14 16:57:17.429
RUN: 2023-10-12 13:33:37.600
REACHED: 2023-10-12 13:33:37.618144124 +0000 UTC m=+0.012364973
DONE: 2023-10-12 13:34:21.488
