START: 2023-10-08 19:04:09.503
SEEDS: 2023-10-08 19:06:42.292
RUN: 2023-10-16 01:54:51.351
REACHED: 2023-10-16 01:54:51.377541736 +0000 UTC m=+0.020927631
TIMEDOUT: 2023-10-16 02:04:51.358
