START: 2023-10-06 17:17:46.756
SEEDS: 2023-10-06 17:18:01.681
RUN: 2023-10-17 13:59:06.695
REACHED: 2023-10-17 13:59:06.713948375 +0000 UTC m=+0.013114924
TIMEDOUT: 2023-10-17 14:09:06.702
