START: 2023-10-11 19:40:50.975
SEEDS: 2023-10-11 19:42:52.283
RUN: 2023-10-12 15:02:30.230
REACHED: 2023-10-12 15:02:30.248274795 +0000 UTC m=+0.012561228
DONE: 2023-10-12 15:02:48.310
