START: 2023-10-10 18:57:50.140
SEEDS: 2023-10-10 18:59:10.496
RUN: 2023-10-14 21:09:38.222
REACHED: 2023-10-14 21:09:38.241969732 +0000 UTC m=+0.014237833
TIMEDOUT: 2023-10-14 21:19:38.229
