START: 2023-10-10 13:52:54.098
RUN: 2023-10-10 13:52:54.099
REACHED: 2023-10-10 13:52:54.117645839 +0000 UTC m=+0.012710402
DONE: 2023-10-10 13:53:31.641
