START: 2023-09-14 15:36:45.500
SEEDS: 2023-09-14 15:39:21.703
RUN: 2023-10-12 13:24:59.876
REACHED: 2023-10-12 13:24:59.894349848 +0000 UTC m=+0.012576061
DONE: 2023-10-12 13:25:12.328
