START: 2023-10-10 10:15:18.367
SEEDS: 2023-10-10 10:16:13.112
RUN: 2023-10-12 13:58:28.312
REACHED: 2023-10-12 13:58:28.33005864 +0000 UTC m=+0.012530335
DONE: 2023-10-12 13:58:31.589
