START: 2023-10-08 20:03:11.987
SEEDS: 2023-10-08 20:03:52.143
RUN: 2023-10-13 12:46:21.963
REACHED: 2023-10-13 12:46:22.484373305 +0000 UTC m=+0.515516566
DONE: 2023-10-13 12:54:42.792
