START: 2023-10-08 18:48:16.480
SEEDS: 2023-10-08 18:48:44.203
RUN: 2023-10-12 14:26:04.467
REACHED: 2023-10-12 14:26:04.489676269 +0000 UTC m=+0.016615564
DONE: 2023-10-12 14:26:55.484
