START: 2023-10-10 13:57:12.782
RUN: 2023-10-10 13:57:12.783
REACHED: 2023-10-10 13:57:12.968575876 +0000 UTC m=+0.179599027
DONE: 2023-10-10 13:58:34.595
