START: 2023-10-09 12:45:26.997
SEEDS: 2023-10-09 12:45:57.025
RUN: 2023-10-13 05:57:16.859
REACHED: 2023-10-13 05:57:17.175079515 +0000 UTC m=+0.310344191
DONE: 2023-10-13 05:58:53.507
