START: 2023-10-08 17:09:52.785
SEEDS: 2023-10-08 17:10:05.377
RUN: 2023-10-16 22:47:39.568
REACHED: 2023-10-16 22:47:39.587076973 +0000 UTC m=+0.013429436
DONE: 2023-10-16 22:53:02.193
