START: 2023-10-04 19:54:00.069
SEEDS: 2023-10-04 19:54:48.769
RUN: 2023-10-18 05:14:25.993
REACHED: 2023-10-18 05:14:26.012489664 +0000 UTC m=+0.013691717
TIMEDOUT: 2023-10-18 05:24:26.000
