START: 2023-09-18 09:14:21.655
SEEDS: 2023-09-18 09:14:42.003
RUN: 2023-10-12 15:21:20.424
REACHED: 2023-10-12 15:21:20.44739175 +0000 UTC m=+0.017448934
DONE: 2023-10-12 15:21:50.089
