START: 2023-10-04 20:05:11.994
SEEDS: 2023-10-04 20:08:45.681
RUN: 2023-10-18 06:24:26.122
REACHED: 2023-10-18 06:24:26.146238648 +0000 UTC m=+0.019031969
TIMEDOUT: 2023-10-18 06:34:26.128
