START: 2023-09-27 14:50:40.933
SEEDS: 2023-09-27 14:53:22.058
RUN: 2023-10-12 20:47:06.085
REACHED: 2023-10-12 20:47:06.103201001 +0000 UTC m=+0.012514045
DONE: 2023-10-12 20:47:47.779
