START: 2023-09-14 16:14:42.323
SEEDS: 2023-09-14 16:21:43.445
RUN: 2023-10-12 13:29:42.530
REACHED: 2023-10-12 13:29:42.547626747 +0000 UTC m=+0.012432760
DONE: 2023-10-12 13:29:42.591
