START: 2023-10-09 13:15:22.016
SEEDS: 2023-10-09 13:15:44.820
RUN: 2023-10-15 15:04:18.899
REACHED: 2023-10-15 15:04:18.923543864 +0000 UTC m=+0.018949365
TIMEDOUT: 2023-10-15 15:14:18.906
