START: 2023-10-11 21:38:12.635
SEEDS: 2023-10-11 21:40:01.135
RUN: 2023-10-16 09:30:08.910
REACHED: 2023-10-16 09:30:08.934722315 +0000 UTC m=+0.018564261
TIMEDOUT: 2023-10-16 09:40:08.917
