START: 2023-10-07 09:31:41.757
SEEDS: 2023-10-07 09:35:47.634
RUN: 2023-10-15 06:32:39.025
REACHED: 2023-10-15 06:32:39.050044938 +0000 UTC m=+0.018922773
TIMEDOUT: 2023-10-15 06:42:39.032
