START: 2023-10-05 10:30:14.734
SEEDS: 2023-10-05 10:33:01.008
RUN: 2023-10-17 23:53:49.905
REACHED: 2023-10-17 23:53:49.924754146 +0000 UTC m=+0.013692193
TIMEDOUT: 2023-10-18 00:03:49.912
