START: 2023-09-26 18:15:07.081
SEEDS: 2023-09-26 18:19:48.574
RUN: 2023-10-12 21:04:54.092
REACHED: 2023-10-12 21:04:54.110416987 +0000 UTC m=+0.012548986
DONE: 2023-10-12 21:05:22.666
