START: 2023-10-11 19:38:53.432
SEEDS: 2023-10-11 19:40:50.965
RUN: 2023-10-12 15:00:20.333
REACHED: 2023-10-12 15:00:20.350911221 +0000 UTC m=+0.012396197
DONE: 2023-10-12 15:00:29.586
