START: 2023-09-30 15:48:47.785
SEEDS: 2023-09-30 15:48:47.794
REACHED: 2023-09-30 15:48:47.923270079 +0000 UTC m=+0.124273596
DONE: 2023-09-30 15:48:48.371
