START: 2023-10-10 16:57:15.409
SEEDS: 2023-10-10 17:00:02.209
RUN: 2023-10-14 23:29:38.482
REACHED: 2023-10-14 23:29:38.505458202 +0000 UTC m=+0.017620353
TIMEDOUT: 2023-10-14 23:39:38.489
