START: 2023-10-10 10:26:07.444
SEEDS: 2023-10-10 10:26:38.059
RUN: 2023-10-12 14:00:40.932
REACHED: 2023-10-12 14:00:40.950087542 +0000 UTC m=+0.012448753
DONE: 2023-10-12 14:01:13.929
