START: 2023-09-27 09:43:16.926
SEEDS: 2023-09-27 09:43:27.604
RUN: 2023-10-12 16:40:04.529
REACHED: 2023-10-12 16:40:04.546977654 +0000 UTC m=+0.012490782
DONE: 2023-10-12 16:41:05.712
