START: 2023-10-11 19:32:59.916
SEEDS: 2023-10-11 19:34:57.107
RUN: 2023-10-12 14:44:26.820
REACHED: 2023-10-12 14:44:26.838360179 +0000 UTC m=+0.012744670
DONE: 2023-10-12 14:46:45.925
