START: 2023-10-10 10:23:27.007
SEEDS: 2023-10-10 10:24:07.031
RUN: 2023-10-12 14:07:26.696
REACHED: 2023-10-12 14:07:26.71385193 +0000 UTC m=+0.012373743
DONE: 2023-10-12 14:07:53.783
