START: 2023-10-05 11:14:43.377
SEEDS: 2023-10-05 11:17:29.974
RUN: 2023-10-18 01:33:50.090
REACHED: 2023-10-18 01:33:50.113833414 +0000 UTC m=+0.017697855
TIMEDOUT: 2023-10-18 01:43:50.097
