START: 2023-10-10 16:50:59.218
SEEDS: 2023-10-10 16:51:36.111
RUN: 2023-10-13 01:54:12.243
REACHED: 2023-10-13 01:54:12.325481666 +0000 UTC m=+0.076975403
DONE: 2023-10-13 01:54:13.021
