START: 2023-09-29 13:51:52.349
SEEDS: 2023-09-29 13:52:26.795
RUN: 2023-10-12 22:15:27.234
REACHED: 2023-10-12 22:15:27.252403694 +0000 UTC m=+0.012519601
DONE: 2023-10-12 22:15:27.295
