START: 2023-10-08 16:59:58.706
SEEDS: 2023-10-08 17:00:07.568
RUN: 2023-10-12 15:51:10.170
REACHED: 2023-10-12 15:51:10.188145604 +0000 UTC m=+0.012507820
DONE: 2023-10-12 15:51:43.295
