START: 2023-10-10 10:59:30.646
SEEDS: 2023-10-10 11:00:03.046
RUN: 2023-10-15 20:34:50.762
REACHED: 2023-10-15 20:34:50.781635236 +0000 UTC m=+0.013458428
TIMEDOUT: 2023-10-15 20:44:50.769
