START: 2023-10-09 14:25:10.450
SEEDS: 2023-10-09 14:25:53.701
RUN: 2023-10-15 10:10:43.120
REACHED: 2023-10-15 10:10:43.14360378 +0000 UTC m=+0.017523595
TIMEDOUT: 2023-10-15 10:20:43.127
