START: 2023-10-11 20:03:10.994
SEEDS: 2023-10-11 20:05:09.732
RUN: 2023-10-13 16:27:25.160
REACHED: 2023-10-13 16:27:25.712353844 +0000 UTC m=+0.546972146
DONE: 2023-10-13 16:29:40.123
