START: 2023-10-10 18:55:10.643
SEEDS: 2023-10-10 18:56:30.385
RUN: 2023-10-14 19:52:48.867
REACHED: 2023-10-14 19:52:48.890242383 +0000 UTC m=+0.017381543
TIMEDOUT: 2023-10-14 20:02:48.874
