START: 2023-10-10 14:08:34.626
RUN: 2023-10-10 14:08:34.628
REACHED: 2023-10-10 14:08:35.319162566 +0000 UTC m=+0.686090789
DONE: 2023-10-10 14:13:06.665
