START: 2023-10-09 12:36:22.774
SEEDS: 2023-10-09 12:37:02.195
RUN: 2023-10-12 13:54:04.086
REACHED: 2023-10-12 13:54:04.104487287 +0000 UTC m=+0.012543856
DONE: 2023-10-12 13:55:25.266
