START: 2023-10-07 09:56:03.136
SEEDS: 2023-10-07 09:58:28.247
RUN: 2023-10-15 06:52:39.063
REACHED: 2023-10-15 06:52:39.090624025 +0000 UTC m=+0.021956284
TIMEDOUT: 2023-10-15 07:02:39.070
