START: 2023-10-05 10:35:47.002
SEEDS: 2023-10-05 10:38:33.747
RUN: 2023-10-18 01:13:50.053
REACHED: 2023-10-18 01:13:50.074645068 +0000 UTC m=+0.015882744
TIMEDOUT: 2023-10-18 01:23:50.060
