START: 2023-10-09 14:26:37.116
SEEDS: 2023-10-09 14:27:20.278
RUN: 2023-10-15 11:30:43.268
REACHED: 2023-10-15 11:30:43.293280488 +0000 UTC m=+0.019276768
TIMEDOUT: 2023-10-15 11:40:43.275
