START: 2023-10-11 16:50:38.049
SEEDS: 2023-10-11 16:57:20.870
RUN: 2023-10-13 17:49:26.363
REACHED: 2023-10-13 17:49:26.850026428 +0000 UTC m=+0.481474747
DONE: 2023-10-13 17:52:34.458
