START: 2023-10-11 14:55:21.628
SEEDS: 2023-10-11 14:57:30.081
RUN: 2023-10-12 15:09:20.555
REACHED: 2023-10-12 15:09:20.579584667 +0000 UTC m=+0.018625246
DONE: 2023-10-12 15:10:03.521
