START: 2023-09-18 09:39:14.489
SEEDS: 2023-09-18 09:40:18.849
RUN: 2023-10-12 15:25:03.626
REACHED: 2023-10-12 15:25:03.645157445 +0000 UTC m=+0.013198519
DONE: 2023-10-12 15:26:19.617
