START: 2023-10-11 18:00:31.760
SEEDS: 2023-10-11 18:00:59.808
RUN: 2023-10-16 12:12:27.390
REACHED: 2023-10-16 12:12:27.41485692 +0000 UTC m=+0.019087183
TIMEDOUT: 2023-10-16 12:22:27.397
