START: 2023-10-05 09:32:04.804
SEEDS: 2023-10-05 09:34:49.328
RUN: 2023-10-14 09:46:03.435
REACHED: 2023-10-14 09:46:03.619599762 +0000 UTC m=+0.178968294
DONE: 2023-10-14 09:46:03.752
