START: 2023-09-14 09:57:35.572
REACHED: 2023-09-14 09:57:35.58844776 +0000 UTC m=+0.012335756
DONE: 2023-09-14 09:57:48.653
