START: 2023-10-06 14:23:37.351
SEEDS: 2023-10-06 14:24:08.114
RUN: 2023-10-13 18:12:57.077
REACHED: 2023-10-13 18:12:57.214161538 +0000 UTC m=+0.131788998
TIMEDOUT: 2023-10-13 18:22:57.084
