START: 2023-10-10 17:01:45.663
SEEDS: 2023-10-10 17:02:15.875
RUN: 2023-10-15 00:19:38.574
REACHED: 2023-10-15 00:19:38.599998995 +0000 UTC m=+0.020282137
DONE: 2023-10-15 00:24:16.799
