START: 2023-10-05 14:21:18.951
SEEDS: 2023-10-05 14:24:04.511
RUN: 2023-10-14 15:05:47.075
REACHED: 2023-10-14 15:05:47.257317497 +0000 UTC m=+0.176543589
DONE: 2023-10-14 15:06:11.739
