START: 2023-09-14 09:58:54.738
REACHED: 2023-09-14 09:58:54.754941774 +0000 UTC m=+0.012501297
DONE: 2023-09-14 09:59:05.855
