START: 2023-10-05 13:14:46.544
SEEDS: 2023-10-05 13:18:22.645
RUN: 2023-10-18 14:58:52.675
REACHED: 2023-10-18 14:58:52.694680853 +0000 UTC m=+0.013886458
TIMEDOUT: 2023-10-18 15:08:52.682
