START: 2023-10-08 18:45:46.757
SEEDS: 2023-10-08 18:46:03.619
RUN: 2023-10-12 14:24:14.500
REACHED: 2023-10-12 14:24:14.518505438 +0000 UTC m=+0.012539669
DONE: 2023-10-12 14:24:19.754
