START: 2023-10-11 15:29:29.601
SEEDS: 2023-10-11 15:39:01.087
RUN: 2023-10-13 17:14:07.323
REACHED: 2023-10-13 17:14:07.485461287 +0000 UTC m=+0.156431256
DONE: 2023-10-13 17:14:10.545
