START: 2023-09-20 10:03:35.529
SEEDS: 2023-09-20 10:03:45.188
RUN: 2023-10-12 16:28:14.448
REACHED: 2023-10-12 16:28:14.46715652 +0000 UTC m=+0.013344419
DONE: 2023-10-12 16:28:22.347
