START: 2023-10-10 13:58:34.606
RUN: 2023-10-10 13:58:34.608
REACHED: 2023-10-10 13:58:34.71687053 +0000 UTC m=+0.103265747
TIMEDOUT: 2023-10-10 14:08:34.615
