START: 2023-10-08 16:39:02.124
SEEDS: 2023-10-08 16:39:10.827
RUN: 2023-10-13 23:19:47.781
REACHED: 2023-10-13 23:19:47.94555549 +0000 UTC m=+0.158954422
TIMEDOUT: 2023-10-13 23:29:47.788
