START: 2023-10-13 12:16:54.916
SEEDS: 2023-10-13 12:19:35.410
RUN: 2023-10-17 19:15:57.974
REACHED: 2023-10-17 19:15:58.000484096 +0000 UTC m=+0.020787506
TIMEDOUT: 2023-10-17 19:25:57.981
