START: 2023-10-10 17:30:14.129
SEEDS: 2023-10-10 17:30:14.137
RUN: 2023-10-10 17:30:14.139
REACHED: 2023-10-10 17:30:14.509879467 +0000 UTC m=+0.365471304
TIMEDOUT: 2023-10-10 17:40:14.146
