START: 2023-10-06 17:15:36.794
SEEDS: 2023-10-06 17:15:44.401
RUN: 2023-10-14 06:13:26.750
REACHED: 2023-10-14 06:13:26.841008943 +0000 UTC m=+0.085097436
DONE: 2023-10-14 06:17:21.054
