START: 2023-09-26 17:56:28.448
SEEDS: 2023-09-26 17:56:56.709
RUN: 2023-10-12 21:00:10.230
REACHED: 2023-10-12 21:00:10.248076206 +0000 UTC m=+0.012555222
DONE: 2023-10-12 21:00:49.506
