START: 2023-09-28 23:11:35.120
SEEDS: 2023-09-29 00:37:03.794
REACHED: 2023-09-29 00:37:03.811622143 +0000 UTC m=+0.012437122
DONE: 2023-09-29 00:38:40.723
