START: 2023-10-06 17:06:01.627
SEEDS: 2023-10-06 17:06:09.590
RUN: 2023-10-17 10:28:53.679
REACHED: 2023-10-17 10:28:53.694085511 +0000 UTC m=+0.009590783
TIMEDOUT: 2023-10-17 10:38:53.686
