START: 2023-10-13 08:00:25.997
SEEDS: 2023-10-13 08:02:57.979
RUN: 2023-10-13 13:56:54.062
REACHED: 2023-10-13 13:56:54.079605861 +0000 UTC m=+0.012452524
DONE: 2023-10-13 13:57:18.659
