START: 2023-10-13 12:05:37.334
SEEDS: 2023-10-13 12:09:57.937
RUN: 2023-10-17 18:45:57.919
REACHED: 2023-10-17 18:45:57.940941204 +0000 UTC m=+0.015922081
TIMEDOUT: 2023-10-17 18:55:57.926
