START: 2023-10-11 20:35:51.493
SEEDS: 2023-10-11 20:37:49.528
RUN: 2023-10-13 16:41:51.035
REACHED: 2023-10-13 16:41:51.246752469 +0000 UTC m=+0.205864791
TIMEDOUT: 2023-10-13 16:51:51.042
