START: 2023-09-25 11:50:48.234
SEEDS: 2023-09-25 11:50:54.597
REACHED: 2023-09-25 11:50:54.616175461 +0000 UTC m=+0.013618015
DONE: 2023-09-25 11:51:43.465
