START: 2023-10-11 19:55:55.427
SEEDS: 2023-10-11 19:57:57.073
RUN: 2023-10-13 15:22:43.991
REACHED: 2023-10-13 15:22:44.627768526 +0000 UTC m=+0.631653919
DONE: 2023-10-13 15:29:32.747
