START: 2023-10-04 19:52:44.600
SEEDS: 2023-10-04 19:53:32.905
RUN: 2023-10-18 04:54:25.956
REACHED: 2023-10-18 04:54:25.980508628 +0000 UTC m=+0.018504361
TIMEDOUT: 2023-10-18 05:04:25.963
