START: 2023-10-10 11:05:10.705
SEEDS: 2023-10-10 11:05:38.200
RUN: 2023-10-15 19:00:43.261
REACHED: 2023-10-15 19:00:43.280629235 +0000 UTC m=+0.014020082
TIMEDOUT: 2023-10-15 19:10:43.268
