START: 2023-10-08 19:03:12.674
SEEDS: 2023-10-08 19:03:29.943
RUN: 2023-10-13 15:02:43.961
REACHED: 2023-10-13 15:02:44.892920799 +0000 UTC m=+0.926153218
TIMEDOUT: 2023-10-13 15:12:43.968
