START: 2023-10-10 17:29:01.800
SEEDS: 2023-10-10 17:30:30.590
RUN: 2023-10-12 12:55:58.419
REACHED: 2023-10-12 12:55:58.437349528 +0000 UTC m=+0.012509178
DONE: 2023-10-12 12:57:29.964
