START: 2023-09-29 12:11:12.258
SEEDS: 2023-09-29 12:13:53.175
RUN: 2023-10-12 21:17:39.291
REACHED: 2023-10-12 21:17:39.308741275 +0000 UTC m=+0.012325268
DONE: 2023-10-12 21:17:39.352
