START: 2023-09-14 09:55:35.404
REACHED: 2023-09-14 09:55:35.421963093 +0000 UTC m=+0.013771906
DONE: 2023-09-14 09:55:45.856
