START: 2023-10-09 06:12:22.092
SEEDS: 2023-10-09 06:26:57.475
RUN: 2023-10-09 06:26:57.476
REACHED: 2023-10-09 06:26:57.496530569 +0000 UTC m=+0.014663404
TIMEDOUT: 2023-10-09 06:36:57.483
