START: 2023-10-09 13:15:44.831
SEEDS: 2023-10-09 13:16:19.020
RUN: 2023-10-15 15:14:18.919
REACHED: 2023-10-15 15:14:18.938828375 +0000 UTC m=+0.014498489
TIMEDOUT: 2023-10-15 15:24:18.925
