START: 2023-09-25 14:39:08.489
SEEDS: 2023-09-25 14:39:23.100
RUN: 2023-10-12 16:08:11.596
REACHED: 2023-10-12 16:08:11.613857867 +0000 UTC m=+0.012391050
DONE: 2023-10-12 16:08:22.177
