START: 2023-10-09 13:14:18.106
SEEDS: 2023-10-09 13:14:40.593
RUN: 2023-10-15 14:44:18.862
REACHED: 2023-10-15 14:44:18.882804732 +0000 UTC m=+0.015382670
TIMEDOUT: 2023-10-15 14:54:18.868
