START: 2023-10-10 17:02:15.885
SEEDS: 2023-10-10 17:03:27.188
RUN: 2023-10-15 00:24:16.810
REACHED: 2023-10-15 00:24:16.831133518 +0000 UTC m=+0.015080592
TIMEDOUT: 2023-10-15 00:34:16.817
