START: 2023-10-08 17:01:25.587
SEEDS: 2023-10-08 17:01:45.980
RUN: 2023-10-13 20:56:55.808
REACHED: 2023-10-13 20:56:56.023433716 +0000 UTC m=+0.209964434
DONE: 2023-10-13 20:56:59.863
