START: 2023-10-06 17:05:18.017
SEEDS: 2023-10-06 17:05:28.384
RUN: 2023-10-17 09:38:53.588
REACHED: 2023-10-17 09:38:53.607038373 +0000 UTC m=+0.013826510
TIMEDOUT: 2023-10-17 09:48:53.594
