START: 2023-10-06 21:28:14.676
SEEDS: 2023-10-06 21:30:52.626
RUN: 2023-10-16 17:05:39.363
REACHED: 2023-10-16 17:05:39.383903691 +0000 UTC m=+0.015621091
DONE: 2023-10-16 17:06:40.536
