START: 2023-10-09 13:01:05.914
SEEDS: 2023-10-09 13:01:30.892
RUN: 2023-10-15 13:00:43.433
REACHED: 2023-10-15 13:00:43.452404909 +0000 UTC m=+0.013609399
TIMEDOUT: 2023-10-15 13:10:43.440
