START: 2023-10-08 17:02:51.345
SEEDS: 2023-10-08 17:03:10.399
RUN: 2023-10-13 22:25:12.306
REACHED: 2023-10-13 22:25:12.410496329 +0000 UTC m=+0.099441641
DONE: 2023-10-13 22:25:13.867
