START: 2023-10-04 16:57:18.459
SEEDS: 2023-10-04 17:01:39.445
RUN: 2023-10-18 16:25:44.051
REACHED: 2023-10-18 16:25:44.071122024 +0000 UTC m=+0.014242667
TIMEDOUT: 2023-10-18 16:35:44.058
