START: 2023-09-27 09:55:44.283
SEEDS: 2023-09-27 09:55:53.222
RUN: 2023-10-12 16:50:52.398
REACHED: 2023-10-12 16:50:52.416575562 +0000 UTC m=+0.012541881
DONE: 2023-10-12 16:51:42.170
