START: 2023-10-11 16:45:51.897
SEEDS: 2023-10-11 16:48:00.802
RUN: 2023-10-13 17:41:39.461
REACHED: 2023-10-13 17:41:39.553299212 +0000 UTC m=+0.086340587
DONE: 2023-10-13 17:44:14.930
