START: 2023-10-11 17:58:03.971
SEEDS: 2023-10-11 18:00:31.748
RUN: 2023-10-16 12:10:39.008
REACHED: 2023-10-16 12:10:39.029540966 +0000 UTC m=+0.015823782
DONE: 2023-10-16 12:12:27.380
