START: 2023-10-08 18:46:30.161
SEEDS: 2023-10-08 18:46:47.059
RUN: 2023-10-12 14:25:14.139
REACHED: 2023-10-12 14:25:14.156682144 +0000 UTC m=+0.012486259
DONE: 2023-10-12 14:25:14.199
