START: 2023-10-06 17:07:45.685
SEEDS: 2023-10-06 17:07:54.520
RUN: 2023-10-17 12:13:06.732
REACHED: 2023-10-17 12:13:06.754180364 +0000 UTC m=+0.016115507
TIMEDOUT: 2023-10-17 12:23:06.739
