START: 2023-09-20 10:01:02.682
SEEDS: 2023-09-20 10:01:11.627
RUN: 2023-10-12 16:26:17.007
REACHED: 2023-10-12 16:26:17.026460619 +0000 UTC m=+0.013763270
DONE: 2023-10-12 16:26:37.471
