START: 2023-09-26 18:14:39.407
SEEDS: 2023-09-26 18:15:07.075
RUN: 2023-10-12 21:04:31.799
REACHED: 2023-10-12 21:04:31.817464961 +0000 UTC m=+0.012507610
DONE: 2023-10-12 21:04:54.072
