START: 2023-09-26 18:07:21.319
SEEDS: 2023-09-26 18:07:48.863
RUN: 2023-10-12 21:03:09.408
REACHED: 2023-10-12 21:03:09.427788852 +0000 UTC m=+0.013726636
DONE: 2023-10-12 21:03:26.543
