START: 2023-10-13 12:05:20.276
SEEDS: 2023-10-13 12:05:37.324
RUN: 2023-10-17 18:35:57.901
REACHED: 2023-10-17 18:35:57.919602912 +0000 UTC m=+0.013251300
TIMEDOUT: 2023-10-17 18:45:57.907
