START: 2023-10-04 16:14:53.580
SEEDS: 2023-10-04 16:18:54.605
RUN: 2023-10-14 18:00:30.000
REACHED: 2023-10-14 18:00:30.616068357 +0000 UTC m=+0.610275072
DONE: 2023-10-14 18:00:33.237
