START: 2023-10-06 17:19:21.307
SEEDS: 2023-10-06 17:19:29.910
RUN: 2023-10-17 15:09:06.823
REACHED: 2023-10-17 15:09:06.843761103 +0000 UTC m=+0.014970215
TIMEDOUT: 2023-10-17 15:19:06.830
