START: 2023-10-06 17:20:07.746
SEEDS: 2023-10-06 17:20:16.693
RUN: 2023-10-17 15:49:06.897
REACHED: 2023-10-17 15:49:06.926042124 +0000 UTC m=+0.023790691
TIMEDOUT: 2023-10-17 15:59:06.903
