START: 2023-10-04 19:15:04.501
SEEDS: 2023-10-04 19:17:10.011
RUN: 2023-10-14 12:34:38.663
REACHED: 2023-10-14 12:34:38.979278469 +0000 UTC m=+0.310722573
DONE: 2023-10-14 12:35:09.689
