START: 2023-10-08 16:59:05.809
SEEDS: 2023-10-08 16:59:24.883
RUN: 2023-10-12 15:55:07.032
REACHED: 2023-10-12 15:55:07.051061567 +0000 UTC m=+0.013571682
DONE: 2023-10-12 15:56:32.336
