START: 2023-10-10 19:15:20.658
SEEDS: 2023-10-10 19:16:40.652
RUN: 2023-10-14 20:49:38.185
REACHED: 2023-10-14 20:49:38.204094862 +0000 UTC m=+0.013371589
TIMEDOUT: 2023-10-14 20:59:38.192
