START: 2023-10-11 19:25:28.239
SEEDS: 2023-10-11 19:27:28.638
RUN: 2023-10-12 14:58:52.602
REACHED: 2023-10-12 14:58:52.620042038 +0000 UTC m=+0.012627953
DONE: 2023-10-12 15:00:20.302
