START: 2023-10-04 15:52:14.344
SEEDS: 2023-10-04 15:57:15.055
RUN: 2023-10-14 17:42:32.063
REACHED: 2023-10-14 17:42:32.195305057 +0000 UTC m=+0.126562559
DONE: 2023-10-14 17:42:47.425
