START: 2023-10-08 19:15:22.412
SEEDS: 2023-10-08 19:15:40.779
RUN: 2023-10-16 04:24:51.629
REACHED: 2023-10-16 04:24:51.661964237 +0000 UTC m=+0.027437544
TIMEDOUT: 2023-10-16 04:34:51.635
