START: 2023-10-07 00:21:10.387
SEEDS: 2023-10-07 00:23:48.333
RUN: 2023-10-16 19:07:39.166
REACHED: 2023-10-16 19:07:39.186977466 +0000 UTC m=+0.015704300
TIMEDOUT: 2023-10-16 19:17:39.172
