START: 2023-10-10 17:45:00.953
SEEDS: 2023-10-10 17:45:00.962
RUN: 2023-10-10 17:45:00.963
REACHED: 2023-10-10 17:45:00.997623101 +0000 UTC m=+0.028709518
DONE: 2023-10-10 17:45:08.057
