START: 2023-09-14 16:10:07.929
SEEDS: 2023-09-14 16:10:41.872
RUN: 2023-10-12 13:28:17.584
REACHED: 2023-10-12 13:28:17.606612369 +0000 UTC m=+0.016743726
DONE: 2023-10-12 13:28:34.925
