START: 2023-10-09 13:59:44.713
SEEDS: 2023-10-09 14:00:37.962
RUN: 2023-10-13 03:59:32.186
REACHED: 2023-10-13 03:59:32.642179219 +0000 UTC m=+0.450507034
TIMEDOUT: 2023-10-13 04:09:32.193
