START: 2023-10-09 14:29:32.935
SEEDS: 2023-10-09 14:30:15.583
RUN: 2023-10-15 09:40:43.065
REACHED: 2023-10-15 09:40:43.087529079 +0000 UTC m=+0.016470003
TIMEDOUT: 2023-10-15 09:50:43.072
