START: 2023-10-06 14:44:12.819
SEEDS: 2023-10-06 14:45:33.465
RUN: 2023-10-13 18:28:43.810
REACHED: 2023-10-13 18:28:43.982033806 +0000 UTC m=+0.166635258
DONE: 2023-10-13 18:32:58.471
