START: 2023-09-27 09:41:49.629
SEEDS: 2023-09-27 09:41:57.728
RUN: 2023-10-12 16:39:20.289
REACHED: 2023-10-12 16:39:20.307640597 +0000 UTC m=+0.012528399
DONE: 2023-10-12 16:39:31.586
