START: 2023-10-04 17:21:48.752
SEEDS: 2023-10-04 17:24:02.684
RUN: 2023-10-18 17:35:44.181
REACHED: 2023-10-18 17:35:44.205321435 +0000 UTC m=+0.018373968
TIMEDOUT: 2023-10-18 17:45:44.188
