START: 2023-10-06 17:06:41.909
SEEDS: 2023-10-06 17:06:49.547
RUN: 2023-10-17 11:08:53.752
REACHED: 2023-10-17 11:08:53.781255455 +0000 UTC m=+0.023313705
TIMEDOUT: 2023-10-17 11:18:53.759
