START: 2023-10-11 15:16:36.049
SEEDS: 2023-10-11 15:17:36.060
RUN: 2023-10-12 15:15:26.307
REACHED: 2023-10-12 15:15:26.330959617 +0000 UTC m=+0.017825437
DONE: 2023-10-12 15:15:59.059
