START: 2023-10-07 03:42:32.780
SEEDS: 2023-10-07 03:48:31.407
RUN: 2023-10-13 02:51:22.397
REACHED: 2023-10-13 02:51:22.726132138 +0000 UTC m=+0.323362504
TIMEDOUT: 2023-10-13 03:01:22.404
