START: 2023-10-10 11:01:32.243
SEEDS: 2023-10-10 11:02:04.153
RUN: 2023-10-15 18:50:43.242
REACHED: 2023-10-15 18:50:43.261305322 +0000 UTC m=+0.013191024
TIMEDOUT: 2023-10-15 19:00:43.249
