START: 2023-10-08 18:49:44.860
SEEDS: 2023-10-08 18:50:00.179
RUN: 2023-10-12 14:28:21.866
REACHED: 2023-10-12 14:28:21.884416252 +0000 UTC m=+0.012400663
DONE: 2023-10-12 14:28:46.273
