START: 2023-10-10 10:53:37.678
SEEDS: 2023-10-10 10:54:09.647
RUN: 2023-10-15 18:07:07.478
REACHED: 2023-10-15 18:07:07.499805289 +0000 UTC m=+0.016422729
TIMEDOUT: 2023-10-15 18:17:07.484
