START: 2023-09-29 13:45:22.302
SEEDS: 2023-09-29 13:46:43.382
RUN: 2023-10-12 22:14:40.713
REACHED: 2023-10-12 22:14:40.730778223 +0000 UTC m=+0.012544972
DONE: 2023-10-12 22:14:58.386
