START: 2023-10-07 05:27:14.403
SEEDS: 2023-10-07 05:28:14.237
RUN: 2023-10-15 03:34:17.166
REACHED: 2023-10-15 03:34:17.1858211 +0000 UTC m=+0.014124065
TIMEDOUT: 2023-10-15 03:44:17.173
