START: 2023-09-29 11:52:28.577
SEEDS: 2023-09-29 11:55:09.803
RUN: 2023-10-12 21:17:37.801
REACHED: 2023-10-12 21:17:37.819017435 +0000 UTC m=+0.012454736
DONE: 2023-10-12 21:17:38.456
