START: 2023-10-06 16:47:08.889
SEEDS: 2023-10-06 16:47:25.964
RUN: 2023-10-14 04:14:29.653
REACHED: 2023-10-14 04:14:29.838495202 +0000 UTC m=+0.180351727
DONE: 2023-10-14 04:16:26.838
