START: 2023-09-29 14:02:40.874
SEEDS: 2023-09-29 14:03:11.468
RUN: 2023-10-12 22:16:46.174
REACHED: 2023-10-12 22:16:46.193695942 +0000 UTC m=+0.013718558
DONE: 2023-10-12 22:17:05.433
