START: 2023-10-10 11:02:04.161
SEEDS: 2023-10-10 11:02:36.697
RUN: 2023-10-15 19:30:43.316
REACHED: 2023-10-15 19:30:43.342133205 +0000 UTC m=+0.020928901
TIMEDOUT: 2023-10-15 19:40:43.322
