START: 2023-09-28 18:51:01.435
SEEDS: 2023-09-28 20:16:16.411
REACHED: 2023-09-28 20:16:16.429529083 +0000 UTC m=+0.012501817
DONE: 2023-09-28 20:17:12.009
