START: 2023-10-08 18:47:30.478
SEEDS: 2023-10-08 18:47:58.006
RUN: 2023-10-12 14:25:53.127
REACHED: 2023-10-12 14:25:53.144575674 +0000 UTC m=+0.012409090
DONE: 2023-10-12 14:26:02.782
