START: 2023-10-13 10:44:10.102
SEEDS: 2023-10-13 10:46:36.041
RUN: 2023-10-14 08:06:20.342
REACHED: 2023-10-14 08:06:20.825171368 +0000 UTC m=+0.477912999
DONE: 2023-10-14 08:07:50.280
