START: 2023-10-08 16:59:41.888
SEEDS: 2023-10-08 16:59:50.299
RUN: 2023-10-12 15:44:28.989
REACHED: 2023-10-12 15:44:29.008614108 +0000 UTC m=+0.013647305
DONE: 2023-10-12 15:45:02.064
