START: 2023-10-06 17:36:38.550
SEEDS: 2023-10-06 17:36:46.258
RUN: 2023-10-17 08:25:10.603
REACHED: 2023-10-17 08:25:10.62266961 +0000 UTC m=+0.013706503
TIMEDOUT: 2023-10-17 08:35:10.610
