START: 2023-10-08 16:41:10.016
SEEDS: 2023-10-08 16:42:00.784
RUN: 2023-10-14 00:02:27.765
REACHED: 2023-10-14 00:02:27.969657349 +0000 UTC m=+0.199382536
TIMEDOUT: 2023-10-14 00:12:27.771
