START: 2023-10-08 19:17:35.277
SEEDS: 2023-10-08 19:17:53.650
RUN: 2023-10-16 05:04:51.711
REACHED: 2023-10-16 05:04:51.730419993 +0000 UTC m=+0.013643626
TIMEDOUT: 2023-10-16 05:14:51.718
