START: 2023-09-29 13:38:18.068
SEEDS: 2023-09-29 13:38:52.641
RUN: 2023-10-12 22:13:46.180
REACHED: 2023-10-12 22:13:46.197929096 +0000 UTC m=+0.012641837
DONE: 2023-10-12 22:14:28.326
