START: 2023-10-05 13:23:34.821
SEEDS: 2023-10-05 13:24:31.769
RUN: 2023-10-18 15:38:52.748
REACHED: 2023-10-18 15:38:52.77205204 +0000 UTC m=+0.017936801
TIMEDOUT: 2023-10-18 15:48:52.755
