START: 2023-10-05 13:45:19.738
SEEDS: 2023-10-05 13:48:06.640
RUN: 2023-10-14 15:16:11.761
REACHED: 2023-10-14 15:16:12.036250334 +0000 UTC m=+0.270084780
TIMEDOUT: 2023-10-14 15:26:11.767
