START: 2023-10-11 16:39:08.457
SEEDS: 2023-10-11 16:45:51.886
RUN: 2023-10-13 17:40:28.336
REACHED: 2023-10-13 17:40:28.466196894 +0000 UTC m=+0.124626143
DONE: 2023-10-13 17:41:39.454
