START: 2023-10-06 17:17:00.157
SEEDS: 2023-10-06 17:17:26.576
RUN: 2023-10-14 06:52:03.096
REACHED: 2023-10-14 06:52:03.394508114 +0000 UTC m=+0.292780872
DONE: 2023-10-14 06:53:27.119
