START: 2023-10-08 16:43:19.757
SEEDS: 2023-10-08 16:43:28.463
RUN: 2023-10-14 00:33:25.664
REACHED: 2023-10-14 00:33:25.860971583 +0000 UTC m=+0.191442331
DONE: 2023-10-14 00:33:26.579
