START: 2023-10-08 16:41:02.257
SEEDS: 2023-10-08 16:41:10.009
RUN: 2023-10-13 23:56:44.797
REACHED: 2023-10-13 23:56:45.001516773 +0000 UTC m=+0.199409669
DONE: 2023-10-14 00:02:27.757
