START: 2023-10-10 18:17:35.351
SEEDS: 2023-10-10 18:19:06.860
RUN: 2023-10-12 23:48:49.696
REACHED: 2023-10-12 23:48:49.789743796 +0000 UTC m=+0.088273478
DONE: 2023-10-12 23:48:54.408
