START: 2023-10-10 17:00:52.996
SEEDS: 2023-10-10 17:01:23.122
RUN: 2023-10-14 23:59:38.538
REACHED: 2023-10-14 23:59:38.561592547 +0000 UTC m=+0.018258996
TIMEDOUT: 2023-10-15 00:09:38.544
