START: 2023-10-11 19:12:16.680
SEEDS: 2023-10-11 19:14:16.789
RUN: 2023-10-12 14:56:06.695
REACHED: 2023-10-12 14:56:06.713054763 +0000 UTC m=+0.012500488
DONE: 2023-10-12 14:58:52.568
