START: 2023-10-10 15:41:41.761
RUN: 2023-10-10 15:41:41.762
REACHED: 2023-10-10 15:41:41.786342171 +0000 UTC m=+0.018291670
TIMEDOUT: 2023-10-10 15:51:41.769
