START: 2023-10-06 19:44:10.242
SEEDS: 2023-10-06 19:46:47.545
RUN: 2023-10-16 15:55:59.712
REACHED: 2023-10-16 15:55:59.74391898 +0000 UTC m=+0.026207712
TIMEDOUT: 2023-10-16 16:05:59.719
