START: 2023-09-25 12:03:29.525
SEEDS: 2023-09-25 12:03:36.003
REACHED: 2023-09-25 12:03:36.021564272 +0000 UTC m=+0.012525358
DONE: 2023-09-25 12:03:36.066
