START: 2023-10-08 17:00:07.575
SEEDS: 2023-10-08 17:00:15.918
RUN: 2023-10-12 15:52:48.951
REACHED: 2023-10-12 15:52:48.969228014 +0000 UTC m=+0.012579370
DONE: 2023-10-12 15:53:29.389
