START: 2023-10-08 17:03:55.623
SEEDS: 2023-10-08 17:04:14.428
RUN: 2023-10-13 21:20:33.563
REACHED: 2023-10-13 21:20:33.737407962 +0000 UTC m=+0.168413662
TIMEDOUT: 2023-10-13 21:30:33.570
