START: 2023-09-14 14:36:24.465
SEEDS: 2023-09-14 14:36:24.474
REACHED: 2023-09-14 14:36:24.491828491 +0000 UTC m=+0.012614985
DONE: 2023-09-14 14:37:02.041
