START: 2023-10-08 19:58:24.068
SEEDS: 2023-10-08 19:59:05.651
RUN: 2023-10-13 12:46:08.117
REACHED: 2023-10-13 12:46:08.352582556 +0000 UTC m=+0.230441491
DONE: 2023-10-13 12:46:21.956
