START: 2023-10-06 17:18:59.334
SEEDS: 2023-10-06 17:19:13.976
RUN: 2023-10-17 14:49:06.787
REACHED: 2023-10-17 14:49:06.808974889 +0000 UTC m=+0.016543531
TIMEDOUT: 2023-10-17 14:59:06.793
