START: 2023-10-08 10:41:56.701
SEEDS: 2023-10-08 12:05:54.208
RUN: 2023-10-08 12:05:54.210
REACHED: 2023-10-08 12:05:54.985101575 +0000 UTC m=+0.769569848
TIMEDOUT: 2023-10-08 12:15:54.217
