START: 2023-10-08 19:33:19.851
SEEDS: 2023-10-08 19:33:50.143
RUN: 2023-10-12 14:11:47.201
REACHED: 2023-10-12 14:11:47.219251041 +0000 UTC m=+0.012561651
DONE: 2023-10-12 14:11:53.394
