START: 2023-10-08 19:31:52.663
SEEDS: 2023-10-08 19:32:32.479
RUN: 2023-10-12 14:16:02.434
REACHED: 2023-10-12 14:16:02.451921363 +0000 UTC m=+0.012496886
DONE: 2023-10-12 14:16:35.983
