START: 2023-09-14 16:26:57.990
SEEDS: 2023-09-14 16:28:57.679
RUN: 2023-10-12 13:30:49.201
REACHED: 2023-10-12 13:30:49.219286299 +0000 UTC m=+0.012585894
DONE: 2023-10-12 13:31:11.154
