START: 2023-10-08 16:59:33.746
SEEDS: 2023-10-08 16:59:41.883
RUN: 2023-10-12 15:42:10.442
REACHED: 2023-10-12 15:42:10.460650985 +0000 UTC m=+0.012550577
DONE: 2023-10-12 15:42:16.126
