START: 2023-10-11 15:26:00.612
SEEDS: 2023-10-11 15:28:09.087
RUN: 2023-10-12 15:20:14.041
REACHED: 2023-10-12 15:20:14.059541819 +0000 UTC m=+0.012632566
DONE: 2023-10-12 15:20:35.315
