START: 2023-09-25 14:35:08.155
SEEDS: 2023-09-25 14:35:22.944
RUN: 2023-10-12 15:59:59.536
REACHED: 2023-10-12 15:59:59.553828824 +0000 UTC m=+0.012662180
DONE: 2023-10-12 16:01:08.643
