START: 2023-10-06 17:33:52.382
SEEDS: 2023-10-06 17:34:00.069
RUN: 2023-10-17 07:55:10.547
REACHED: 2023-10-17 07:55:10.572074431 +0000 UTC m=+0.018833739
TIMEDOUT: 2023-10-17 08:05:10.554
