START: 2023-10-09 13:48:21.044
SEEDS: 2023-10-09 13:49:03.391
RUN: 2023-10-12 13:43:38.162
REACHED: 2023-10-12 13:43:38.179817796 +0000 UTC m=+0.012383941
DONE: 2023-10-12 13:43:56.591
