START: 2023-10-10 10:24:07.040
SEEDS: 2023-10-10 10:24:40.860
RUN: 2023-10-12 14:10:18.713
REACHED: 2023-10-12 14:10:18.731263858 +0000 UTC m=+0.012495268
DONE: 2023-10-12 14:10:54.937
