START: 2023-09-29 10:36:54.957
SEEDS: 2023-09-29 10:37:34.175
RUN: 2023-10-12 21:40:10.665
REACHED: 2023-10-12 21:40:10.684365089 +0000 UTC m=+0.013768148
DONE: 2023-10-12 21:40:33.226
