START: 2023-09-29 10:34:08.928
SEEDS: 2023-09-29 10:36:24.876
RUN: 2023-10-12 21:39:25.776
REACHED: 2023-10-12 21:39:25.794631484 +0000 UTC m=+0.012526515
DONE: 2023-10-12 21:40:10.360
