START: 2023-10-09 12:36:07.228
SEEDS: 2023-10-09 12:36:22.764
RUN: 2023-10-12 13:53:47.160
REACHED: 2023-10-12 13:53:47.178250702 +0000 UTC m=+0.012488858
DONE: 2023-10-12 13:54:04.062
