START: 2023-10-08 18:50:44.604
SEEDS: 2023-10-08 18:51:22.911
RUN: 2023-10-13 12:54:42.799
REACHED: 2023-10-13 12:54:42.998097507 +0000 UTC m=+0.193107269
DONE: 2023-10-13 12:54:44.891
