START: 2023-10-11 19:46:51.413
SEEDS: 2023-10-11 19:48:49.181
RUN: 2023-10-12 14:46:45.963
REACHED: 2023-10-12 14:46:45.981428472 +0000 UTC m=+0.012610721
DONE: 2023-10-12 14:47:49.682
