START: 2023-10-08 16:38:05.931
SEEDS: 2023-10-08 16:38:14.476
RUN: 2023-10-13 23:17:01.190
REACHED: 2023-10-13 23:17:01.390574635 +0000 UTC m=+0.195261227
DONE: 2023-10-13 23:18:34.827
