START: 2023-10-05 13:05:59.129
SEEDS: 2023-10-05 13:09:33.486
RUN: 2023-10-18 14:18:52.601
REACHED: 2023-10-18 14:18:52.621506008 +0000 UTC m=+0.014227794
TIMEDOUT: 2023-10-18 14:28:52.608
