START: 2023-10-08 19:57:44.105
SEEDS: 2023-10-08 19:58:24.058
RUN: 2023-10-13 12:23:41.593
REACHED: 2023-10-13 12:23:41.960891678 +0000 UTC m=+0.362447373
DONE: 2023-10-13 12:24:04.943
