START: 2023-10-05 12:31:20.559
SEEDS: 2023-10-05 12:32:11.449
RUN: 2023-10-18 11:52:26.639
REACHED: 2023-10-18 11:52:26.662197297 +0000 UTC m=+0.017821419
TIMEDOUT: 2023-10-18 12:02:26.645
