START: 2023-10-08 20:17:29.325
SEEDS: 2023-10-08 20:18:01.753
RUN: 2023-10-16 00:14:51.166
REACHED: 2023-10-16 00:14:51.18861216 +0000 UTC m=+0.017107954
TIMEDOUT: 2023-10-16 00:24:51.172
