START: 2023-10-10 10:19:24.830
SEEDS: 2023-10-10 10:20:06.679
RUN: 2023-10-12 14:08:08.577
REACHED: 2023-10-12 14:08:08.595389534 +0000 UTC m=+0.012465685
DONE: 2023-10-12 14:10:18.677
