START: 2023-10-08 17:09:24.089
SEEDS: 2023-10-08 17:09:31.316
RUN: 2023-10-16 20:07:39.276
REACHED: 2023-10-16 20:07:39.298847087 +0000 UTC m=+0.017092450
TIMEDOUT: 2023-10-16 20:17:39.283
