START: 2023-10-09 14:33:54.922
SEEDS: 2023-10-09 14:34:37.926
RUN: 2023-10-15 09:10:43.011
REACHED: 2023-10-15 09:10:43.039230416 +0000 UTC m=+0.022369485
TIMEDOUT: 2023-10-15 09:20:43.018
