START: 2023-09-29 10:32:51.950
SEEDS: 2023-09-29 10:33:33.029
RUN: 2023-10-12 21:38:51.681
REACHED: 2023-10-12 21:38:51.699288633 +0000 UTC m=+0.012519728
DONE: 2023-10-12 21:38:51.740
