START: 2023-10-04 17:28:58.947
SEEDS: 2023-10-04 17:31:41.811
RUN: 2023-10-18 18:05:37.422
REACHED: 2023-10-18 18:05:37.441851444 +0000 UTC m=+0.014559314
TIMEDOUT: 2023-10-18 18:15:37.428
