START: 2023-10-08 20:09:19.565
SEEDS: 2023-10-08 20:09:51.201
RUN: 2023-10-15 23:14:51.056
REACHED: 2023-10-15 23:14:51.07388316 +0000 UTC m=+0.012634724
TIMEDOUT: 2023-10-15 23:24:51.062
