START: 2023-09-26 18:21:45.225
SEEDS: 2023-09-26 18:26:26.151
RUN: 2023-10-12 21:06:56.308
REACHED: 2023-10-12 21:06:56.326919013 +0000 UTC m=+0.013475592
DONE: 2023-10-12 21:07:42.096
