START: 2023-10-09 14:10:38.070
SEEDS: 2023-10-09 14:11:32.984
RUN: 2023-10-13 05:13:00.568
REACHED: 2023-10-13 05:13:00.869573761 +0000 UTC m=+0.295722708
DONE: 2023-10-13 05:13:03.399
