START: 2023-10-10 10:57:56.170
SEEDS: 2023-10-10 10:58:26.054
RUN: 2023-10-15 18:48:14.844
REACHED: 2023-10-15 18:48:14.868389861 +0000 UTC m=+0.018442293
DONE: 2023-10-15 18:50:43.233
