START: 2023-10-08 19:45:42.520
SEEDS: 2023-10-08 19:46:22.285
RUN: 2023-10-13 10:39:56.678
REACHED: 2023-10-13 10:39:56.863685985 +0000 UTC m=+0.179721162
TIMEDOUT: 2023-10-13 10:49:56.685
