START: 2023-09-25 14:41:07.780
SEEDS: 2023-09-25 14:41:22.611
RUN: 2023-10-12 16:10:27.922
REACHED: 2023-10-12 16:10:27.939692469 +0000 UTC m=+0.012355610
DONE: 2023-10-12 16:10:35.766
