START: 2023-10-08 19:01:18.019
SEEDS: 2023-10-08 19:01:37.211
RUN: 2023-10-13 14:33:36.065
REACHED: 2023-10-13 14:33:36.269529298 +0000 UTC m=+0.198970332
TIMEDOUT: 2023-10-13 14:43:36.072
