START: 2023-10-07 03:38:01.180
SEEDS: 2023-10-07 03:42:08.411
RUN: 2023-10-13 02:41:22.383
REACHED: 2023-10-13 02:41:22.728137231 +0000 UTC m=+0.339450329
TIMEDOUT: 2023-10-13 02:51:22.390
