START: 2023-10-11 14:57:30.092
SEEDS: 2023-10-11 14:59:13.375
RUN: 2023-10-12 15:10:03.555
REACHED: 2023-10-12 15:10:03.574000075 +0000 UTC m=+0.013655802
DONE: 2023-10-12 15:10:37.504
