START: 2023-09-14 16:03:06.847
SEEDS: 2023-09-14 16:03:43.016
RUN: 2023-10-12 13:27:44.740
REACHED: 2023-10-12 13:27:44.757681013 +0000 UTC m=+0.012411210
DONE: 2023-10-12 13:27:55.265
