START: 2023-10-06 17:31:03.690
SEEDS: 2023-10-06 17:31:12.209
RUN: 2023-10-14 02:34:49.126
REACHED: 2023-10-14 02:34:49.226769964 +0000 UTC m=+0.095601600
DONE: 2023-10-14 02:35:02.348
