START: 2023-09-25 14:39:23.107
SEEDS: 2023-09-25 14:39:38.714
RUN: 2023-10-12 16:08:22.248
REACHED: 2023-10-12 16:08:22.265866151 +0000 UTC m=+0.012501600
DONE: 2023-10-12 16:08:24.899
