START: 2023-10-05 13:39:48.927
SEEDS: 2023-10-05 13:42:34.256
RUN: 2023-10-14 14:33:14.427
REACHED: 2023-10-14 14:33:14.559956259 +0000 UTC m=+0.127458166
DONE: 2023-10-14 14:35:05.218
