START: 2023-10-08 16:58:55.952
SEEDS: 2023-10-08 16:59:05.803
RUN: 2023-10-12 15:52:24.938
REACHED: 2023-10-12 15:52:24.956132519 +0000 UTC m=+0.012573396
DONE: 2023-10-12 15:52:48.928
