START: 2023-10-05 12:44:21.414
SEEDS: 2023-10-05 12:47:52.080
RUN: 2023-10-18 12:50:23.085
REACHED: 2023-10-18 12:50:23.105499365 +0000 UTC m=+0.014938578
DONE: 2023-10-18 12:55:40.570
