START: 2023-10-07 10:18:33.315
SEEDS: 2023-10-07 10:18:48.075
RUN: 2023-10-15 07:12:39.099
REACHED: 2023-10-15 07:12:39.124823117 +0000 UTC m=+0.020089245
TIMEDOUT: 2023-10-15 07:22:39.106
