START: 2023-10-05 09:54:08.874
SEEDS: 2023-10-05 09:56:54.475
RUN: 2023-10-14 10:06:10.136
REACHED: 2023-10-14 10:06:10.579657846 +0000 UTC m=+0.438424692
DONE: 2023-10-14 10:06:11.008
