START: 2023-10-10 17:08:39.011
SEEDS: 2023-10-10 17:09:09.787
RUN: 2023-10-15 01:54:16.979
REACHED: 2023-10-15 01:54:17.004687158 +0000 UTC m=+0.020133388
TIMEDOUT: 2023-10-15 02:04:16.985
