START: 2023-10-09 13:11:24.412
SEEDS: 2023-10-09 13:11:37.090
RUN: 2023-10-15 14:04:18.787
REACHED: 2023-10-15 14:04:18.809295703 +0000 UTC m=+0.016319178
TIMEDOUT: 2023-10-15 14:14:18.794
