START: 2023-10-05 13:31:26.742
SEEDS: 2023-10-05 13:34:16.113
RUN: 2023-10-14 13:15:31.141
REACHED: 2023-10-14 13:15:31.39565725 +0000 UTC m=+0.249401776
TIMEDOUT: 2023-10-14 13:25:31.147
