START: 2023-10-09 14:37:30.652
SEEDS: 2023-10-09 14:38:14.174
RUN: 2023-10-15 12:30:43.377
REACHED: 2023-10-15 12:30:43.399471374 +0000 UTC m=+0.016504652
TIMEDOUT: 2023-10-15 12:40:43.384
