START: 2023-10-08 18:46:03.628
SEEDS: 2023-10-08 18:46:30.149
RUN: 2023-10-12 14:24:21.673
REACHED: 2023-10-12 14:24:21.691369029 +0000 UTC m=+0.012412125
DONE: 2023-10-12 14:25:14.105
