START: 2023-10-11 15:14:25.080
SEEDS: 2023-10-11 15:16:36.037
RUN: 2023-10-12 15:15:15.014
REACHED: 2023-10-12 15:15:15.032930827 +0000 UTC m=+0.012519676
DONE: 2023-10-12 15:15:25.503
