START: 2023-10-05 14:40:39.574
SEEDS: 2023-10-05 14:43:24.832
RUN: 2023-10-14 15:06:11.746
REACHED: 2023-10-14 15:06:11.793020351 +0000 UTC m=+0.041164088
TIMEDOUT: 2023-10-14 15:16:11.753
