START: 2023-10-11 18:17:30.847
SEEDS: 2023-10-11 18:19:57.740
RUN: 2023-10-16 13:35:59.449
REACHED: 2023-10-16 13:35:59.474613201 +0000 UTC m=+0.020254340
TIMEDOUT: 2023-10-16 13:45:59.455
