START: 2023-10-08 17:06:44.605
SEEDS: 2023-10-08 17:07:03.766
RUN: 2023-10-13 22:32:13.280
REACHED: 2023-10-13 22:32:13.684462142 +0000 UTC m=+0.398549434
TIMEDOUT: 2023-10-13 22:42:13.287
