START: 2023-10-08 16:43:01.493
SEEDS: 2023-10-08 16:43:10.393
RUN: 2023-10-14 00:22:34.248
REACHED: 2023-10-14 00:22:34.402482699 +0000 UTC m=+0.148825103
TIMEDOUT: 2023-10-14 00:32:34.255
