START: 2023-09-29 10:38:02.583
SEEDS: 2023-09-29 10:42:42.131
RUN: 2023-10-12 21:40:52.205
REACHED: 2023-10-12 21:40:52.223472463 +0000 UTC m=+0.012570991
DONE: 2023-10-12 21:41:17.113
