START: 2023-10-05 14:32:23.563
SEEDS: 2023-10-05 14:35:10.431
RUN: 2023-10-14 14:09:24.420
REACHED: 2023-10-14 14:09:25.377633622 +0000 UTC m=+0.952120177
TIMEDOUT: 2023-10-14 14:19:24.427
