START: 2023-10-10 15:11:41.692
RUN: 2023-10-10 15:11:41.693
REACHED: 2023-10-10 15:11:41.712624909 +0000 UTC m=+0.013549010
TIMEDOUT: 2023-10-10 15:21:41.700
