START: 2023-10-05 17:07:06.998
SEEDS: 2023-10-05 17:07:07.007
RUN: 2023-10-05 17:07:07.008
REACHED: 2023-10-05 17:07:07.023488501 +0000 UTC m=+0.009433158
TIMEDOUT: 2023-10-05 17:17:07.015
