START: 2023-10-08 18:42:46.242
SEEDS: 2023-10-08 18:43:02.180
RUN: 2023-10-12 14:19:43.499
REACHED: 2023-10-12 14:19:43.516850486 +0000 UTC m=+0.012528362
DONE: 2023-10-12 14:20:12.887
