START: 2023-10-09 14:25:53.710
SEEDS: 2023-10-09 14:26:37.106
RUN: 2023-10-15 10:50:43.195
REACHED: 2023-10-15 10:50:43.220333804 +0000 UTC m=+0.020008710
TIMEDOUT: 2023-10-15 11:00:43.201
