START: 2023-10-08 19:19:12.336
SEEDS: 2023-10-08 19:20:13.903
RUN: 2023-10-16 05:34:51.766
REACHED: 2023-10-16 05:34:51.79524731 +0000 UTC m=+0.022975941
TIMEDOUT: 2023-10-16 05:44:51.773
