START: 2023-09-26 18:26:54.346
SEEDS: 2023-09-26 18:31:35.359
RUN: 2023-10-12 21:08:25.675
REACHED: 2023-10-12 21:08:25.694152908 +0000 UTC m=+0.013355867
DONE: 2023-10-12 21:09:32.352
