START: 2023-10-05 14:13:04.184
SEEDS: 2023-10-05 14:15:48.457
RUN: 2023-10-14 14:03:24.287
REACHED: 2023-10-14 14:03:24.482098585 +0000 UTC m=+0.189811003
DONE: 2023-10-14 14:09:24.412
