START: 2023-10-08 16:53:13.151
SEEDS: 2023-10-08 16:53:27.035
RUN: 2023-10-17 03:20:38.137
REACHED: 2023-10-17 03:20:38.161836406 +0000 UTC m=+0.018960877
TIMEDOUT: 2023-10-17 03:30:38.144
