START: 2023-10-08 18:49:00.842
SEEDS: 2023-10-08 18:49:27.990
RUN: 2023-10-12 14:27:27.585
REACHED: 2023-10-12 14:27:27.603377225 +0000 UTC m=+0.012480166
DONE: 2023-10-12 14:27:28.726
