START: 2023-10-11 20:45:45.664
SEEDS: 2023-10-11 20:47:44.703
RUN: 2023-10-13 16:17:25.146
REACHED: 2023-10-13 16:17:25.449337931 +0000 UTC m=+0.298178057
TIMEDOUT: 2023-10-13 16:27:25.152
