START: 2023-09-29 11:09:39.049
SEEDS: 2023-09-29 11:12:22.780
RUN: 2023-10-12 21:11:52.581
REACHED: 2023-10-12 21:11:52.599375492 +0000 UTC m=+0.012588094
DONE: 2023-10-12 21:12:01.818
