START: 2023-10-05 09:59:39.563
SEEDS: 2023-10-05 10:02:24.693
RUN: 2023-10-14 10:35:59.995
REACHED: 2023-10-14 10:36:00.063818237 +0000 UTC m=+0.063495125
DONE: 2023-10-14 10:36:14.483
