START: 2023-10-05 13:10:22.541
SEEDS: 2023-10-05 13:13:57.048
RUN: 2023-10-18 14:38:52.638
REACHED: 2023-10-18 14:38:52.661479494 +0000 UTC m=+0.017554096
TIMEDOUT: 2023-10-18 14:48:52.645
