START: 2023-10-09 12:33:29.826
SEEDS: 2023-10-09 12:33:54.191
RUN: 2023-10-12 13:51:54.999
REACHED: 2023-10-12 13:51:55.018679737 +0000 UTC m=+0.013741213
DONE: 2023-10-12 13:52:11.055
