START: 2023-10-10 10:31:16.666
SEEDS: 2023-10-10 10:31:56.153
RUN: 2023-10-12 14:03:31.978
REACHED: 2023-10-12 14:03:31.996318482 +0000 UTC m=+0.012645955
DONE: 2023-10-12 14:03:53.817
