START: 2023-10-10 10:50:36.182
SEEDS: 2023-10-10 10:51:16.206
RUN: 2023-10-13 09:11:38.351
REACHED: 2023-10-13 09:11:38.481230671 +0000 UTC m=+0.124296208
TIMEDOUT: 2023-10-13 09:21:38.358
