START: 2023-10-06 17:08:35.361
SEEDS: 2023-10-06 17:08:44.084
RUN: 2023-10-17 13:13:06.842
REACHED: 2023-10-17 13:13:06.865971778 +0000 UTC m=+0.018550352
TIMEDOUT: 2023-10-17 13:23:06.848
