START: 2023-10-04 16:45:48.455
SEEDS: 2023-10-04 16:46:16.983
RUN: 2023-10-14 18:12:15.134
REACHED: 2023-10-14 18:12:15.243313822 +0000 UTC m=+0.103369923
DONE: 2023-10-14 18:17:25.446
