START: 2023-10-06 17:15:09.808
SEEDS: 2023-10-06 17:15:19.205
RUN: 2023-10-14 06:13:23.901
REACHED: 2023-10-14 06:13:23.997609511 +0000 UTC m=+0.091423341
DONE: 2023-10-14 06:13:24.715
