START: 2023-10-09 06:36:57.500
SEEDS: 2023-10-09 06:45:13.645
RUN: 2023-10-09 06:45:13.647
REACHED: 2023-10-09 06:45:13.668056431 +0000 UTC m=+0.015722169
TIMEDOUT: 2023-10-09 06:55:13.654
