START: 2023-10-07 06:09:22.055
SEEDS: 2023-10-07 06:09:38.549
RUN: 2023-10-15 03:54:17.202
REACHED: 2023-10-15 03:54:17.230178544 +0000 UTC m=+0.022044770
TIMEDOUT: 2023-10-15 04:04:17.209
