START: 2023-09-29 13:57:06.369
SEEDS: 2023-09-29 14:02:40.867
RUN: 2023-10-12 22:16:46.108
REACHED: 2023-10-12 22:16:46.126570984 +0000 UTC m=+0.012491951
DONE: 2023-10-12 22:16:46.169
