START: 2023-10-11 18:24:16.605
SEEDS: 2023-10-11 18:26:44.301
RUN: 2023-10-16 13:55:59.485
REACHED: 2023-10-16 13:55:59.513206591 +0000 UTC m=+0.022114248
TIMEDOUT: 2023-10-16 14:05:59.492
