START: 2023-10-11 21:16:34.321
SEEDS: 2023-10-11 21:18:22.126
RUN: 2023-10-16 10:20:38.807
REACHED: 2023-10-16 10:20:38.827377456 +0000 UTC m=+0.014575232
TIMEDOUT: 2023-10-16 10:30:38.814
