START: 2023-10-05 13:18:22.652
SEEDS: 2023-10-05 13:19:11.671
RUN: 2023-10-18 15:08:52.694
REACHED: 2023-10-18 15:08:52.719787036 +0000 UTC m=+0.020544084
TIMEDOUT: 2023-10-18 15:18:52.700
