START: 2023-10-08 19:36:41.030
SEEDS: 2023-10-08 20:51:57.624
RUN: 2023-10-08 20:51:57.626
REACHED: 2023-10-08 20:51:58.092628526 +0000 UTC m=+0.461453470
TIMEDOUT: 2023-10-08 21:01:57.632
