START: 2023-09-14 16:10:56.455
SEEDS: 2023-09-14 16:12:35.261
RUN: 2023-10-12 13:28:34.947
REACHED: 2023-10-12 13:28:34.966357556 +0000 UTC m=+0.013395672
DONE: 2023-10-12 13:28:35.009
