START: 2023-10-10 16:53:55.518
SEEDS: 2023-10-10 16:56:39.285
RUN: 2023-10-14 23:09:38.445
REACHED: 2023-10-14 23:09:38.464263143 +0000 UTC m=+0.013898349
TIMEDOUT: 2023-10-14 23:19:38.451
