START: 2023-10-10 16:40:41.640
SEEDS: 2023-10-10 16:41:02.832
RUN: 2023-10-13 00:44:50.269
REACHED: 2023-10-13 00:44:50.661928904 +0000 UTC m=+0.387611362
TIMEDOUT: 2023-10-13 00:54:50.275
