START: 2023-10-11 14:48:38.805
SEEDS: 2023-10-11 14:55:21.616
RUN: 2023-10-12 15:09:07.276
REACHED: 2023-10-12 15:09:07.294418861 +0000 UTC m=+0.012440689
DONE: 2023-10-12 15:09:20.537
