START: 2023-10-08 06:09:34.351
SEEDS: 2023-10-08 07:33:23.091
RUN: 2023-10-08 07:33:23.092
REACHED: 2023-10-08 07:33:23.574915112 +0000 UTC m=+0.477019624
TIMEDOUT: 2023-10-08 07:43:23.099
