START: 2023-10-05 12:28:01.870
SEEDS: 2023-10-05 12:28:35.521
RUN: 2023-10-14 16:53:37.716
REACHED: 2023-10-14 16:53:37.883797492 +0000 UTC m=+0.161787991
DONE: 2023-10-14 16:57:15.380
