START: 2023-10-05 09:01:27.510
SEEDS: 2023-10-05 09:04:12.671
RUN: 2023-10-14 10:16:15.959
REACHED: 2023-10-14 10:16:16.119615279 +0000 UTC m=+0.155129465
DONE: 2023-10-14 10:25:53.781
