START: 2023-10-04 17:47:11.308
SEEDS: 2023-10-04 17:49:56.756
RUN: 2023-10-18 19:20:10.899
REACHED: 2023-10-18 19:20:10.918143975 +0000 UTC m=+0.013048928
TIMEDOUT: 2023-10-18 19:30:10.906
