START: 2023-09-27 17:18:17.912
SEEDS: 2023-09-27 18:42:19.861
REACHED: 2023-09-27 18:42:19.87948011 +0000 UTC m=+0.012492926
DONE: 2023-09-27 18:42:40.446
