START: 2023-10-11 14:08:51.728
SEEDS: 2023-10-11 14:18:22.773
RUN: 2023-10-12 15:04:28.660
REACHED: 2023-10-12 15:04:28.677957479 +0000 UTC m=+0.012516989
DONE: 2023-10-12 15:05:03.631
