START: 2023-10-09 12:54:09.562
SEEDS: 2023-10-09 12:54:49.690
RUN: 2023-10-13 07:03:05.291
REACHED: 2023-10-13 07:03:05.614320629 +0000 UTC m=+0.318057233
DONE: 2023-10-13 07:08:58.685
