START: 2023-09-29 11:17:46.955
SEEDS: 2023-09-29 11:20:29.038
RUN: 2023-10-12 21:17:39.358
REACHED: 2023-10-12 21:17:39.376029757 +0000 UTC m=+0.012497128
DONE: 2023-10-12 21:17:43.993
