START: 2023-10-10 18:30:24.907
SEEDS: 2023-10-10 18:30:24.915
RUN: 2023-10-10 18:30:24.917
REACHED: 2023-10-10 18:30:24.932977831 +0000 UTC m=+0.010452410
TIMEDOUT: 2023-10-10 18:40:24.923
