START: 2023-10-11 15:39:01.099
SEEDS: 2023-10-11 15:46:00.348
RUN: 2023-10-13 17:14:10.552
REACHED: 2023-10-13 17:14:10.679532697 +0000 UTC m=+0.121701405
DONE: 2023-10-13 17:14:58.488
