START: 2023-10-09 14:16:58.311
SEEDS: 2023-10-09 14:17:50.521
RUN: 2023-10-13 05:13:03.406
REACHED: 2023-10-13 05:13:03.956483426 +0000 UTC m=+0.544608267
TIMEDOUT: 2023-10-13 05:23:03.413
