START: 2023-09-29 10:58:06.649
SEEDS: 2023-09-29 11:03:41.547
RUN: 2023-10-12 22:01:33.496
REACHED: 2023-10-12 22:01:33.514488213 +0000 UTC m=+0.012455345
DONE: 2023-10-12 22:01:33.558
