START: 2023-10-08 18:50:00.190
SEEDS: 2023-10-08 18:50:16.950
RUN: 2023-10-12 14:28:46.298
REACHED: 2023-10-12 14:28:46.317023033 +0000 UTC m=+0.013648092
DONE: 2023-10-12 14:28:59.263
