START: 2023-10-11 18:10:57.483
SEEDS: 2023-10-11 18:11:24.517
RUN: 2023-10-16 13:05:59.394
REACHED: 2023-10-16 13:05:59.422088215 +0000 UTC m=+0.021924848
TIMEDOUT: 2023-10-16 13:15:59.401
