START: 2023-10-08 17:01:54.585
SEEDS: 2023-10-08 17:02:13.243
RUN: 2023-10-13 21:19:52.630
REACHED: 2023-10-13 21:19:53.043236618 +0000 UTC m=+0.407310915
DONE: 2023-10-13 21:20:33.556
