START: 2023-10-06 17:31:39.169
SEEDS: 2023-10-06 17:31:49.229
RUN: 2023-10-14 01:40:04.429
REACHED: 2023-10-14 01:40:04.992153308 +0000 UTC m=+0.557839118
TIMEDOUT: 2023-10-14 01:50:04.435
