START: 2023-09-30 15:57:35.631
SEEDS: 2023-09-30 15:57:35.640
REACHED: 2023-09-30 15:57:35.667410675 +0000 UTC m=+0.022092058
DONE: 2023-09-30 15:57:36.403
