START: 2023-10-06 22:31:23.024
SEEDS: 2023-10-06 22:34:00.131
RUN: 2023-10-16 17:46:40.619
REACHED: 2023-10-16 17:46:40.6422781 +0000 UTC m=+0.017200515
TIMEDOUT: 2023-10-16 17:56:40.626
