START: 2023-10-07 07:37:50.069
SEEDS: 2023-10-07 07:38:03.529
RUN: 2023-10-15 04:49:27.158
REACHED: 2023-10-15 04:49:27.177005688 +0000 UTC m=+0.013698254
TIMEDOUT: 2023-10-15 04:59:27.164
