START: 2023-09-30 15:48:45.998
SEEDS: 2023-09-30 15:48:46.006
REACHED: 2023-09-30 15:48:46.167977622 +0000 UTC m=+0.156267465
DONE: 2023-09-30 15:48:47.774
