START: 2023-10-09 12:45:57.036
SEEDS: 2023-10-09 12:46:36.285
RUN: 2023-10-13 05:58:53.514
REACHED: 2023-10-13 05:58:53.739810233 +0000 UTC m=+0.220045678
TIMEDOUT: 2023-10-13 06:08:53.521
