START: 2023-10-06 17:36:08.961
SEEDS: 2023-10-06 17:36:15.859
RUN: 2023-10-17 05:49:08.309
REACHED: 2023-10-17 05:49:08.33238928 +0000 UTC m=+0.017721969
TIMEDOUT: 2023-10-17 05:59:08.316
