START: 2023-10-06 17:04:20.539
SEEDS: 2023-10-06 17:04:30.620
RUN: 2023-10-14 04:38:21.295
REACHED: 2023-10-14 04:38:21.416400029 +0000 UTC m=+0.115616355
DONE: 2023-10-14 04:38:26.970
