START: 2023-10-09 12:54:49.700
SEEDS: 2023-10-09 12:55:18.365
RUN: 2023-10-13 07:08:58.693
REACHED: 2023-10-13 07:08:58.765163326 +0000 UTC m=+0.067045050
DONE: 2023-10-13 07:12:44.866
