START: 2023-10-11 20:51:39.811
SEEDS: 2023-10-11 20:52:53.806
RUN: 2023-10-13 17:11:53.664
REACHED: 2023-10-13 17:11:54.01837612 +0000 UTC m=+0.348799174
DONE: 2023-10-13 17:13:59.517
