START: 2023-10-11 18:11:24.528
SEEDS: 2023-10-11 18:13:15.269
RUN: 2023-10-16 13:15:59.413
REACHED: 2023-10-16 13:15:59.432386793 +0000 UTC m=+0.013831895
TIMEDOUT: 2023-10-16 13:25:59.420
