START: 2023-10-10 17:44:23.174
SEEDS: 2023-10-10 17:45:51.957
RUN: 2023-10-12 13:04:39.394
REACHED: 2023-10-12 13:04:39.4127093 +0000 UTC m=+0.012568077
DONE: 2023-10-12 13:04:43.513
