START: 2023-10-07 20:04:36.652
SEEDS: 2023-10-07 21:27:48.822
RUN: 2023-10-07 21:27:48.824
REACHED: 2023-10-07 21:27:49.228589669 +0000 UTC m=+0.399503663
DONE: 2023-10-07 21:31:39.836
