START: 2023-10-07 07:14:07.132
SEEDS: 2023-10-07 07:14:19.557
RUN: 2023-10-15 04:34:17.275
REACHED: 2023-10-15 04:34:17.298146302 +0000 UTC m=+0.016865320
TIMEDOUT: 2023-10-15 04:44:17.282
