START: 2023-10-08 16:57:19.718
SEEDS: 2023-10-08 16:57:38.031
RUN: 2023-10-12 15:45:24.625
REACHED: 2023-10-12 15:45:24.643253629 +0000 UTC m=+0.012390882
DONE: 2023-10-12 15:45:25.705
