START: 2023-10-13 09:33:47.884
SEEDS: 2023-10-13 09:35:07.205
RUN: 2023-10-13 14:11:42.173
REACHED: 2023-10-13 14:11:42.191100474 +0000 UTC m=+0.012605161
DONE: 2023-10-13 14:11:42.643
