START: 2023-10-10 16:51:59.560
SEEDS: 2023-10-10 16:52:20.856
RUN: 2023-10-13 01:54:13.683
REACHED: 2023-10-13 01:54:13.752533871 +0000 UTC m=+0.064048400
DONE: 2023-10-13 01:54:51.090
