START: 2023-10-04 17:34:54.814
SEEDS: 2023-10-04 17:37:10.585
RUN: 2023-10-18 18:35:37.478
REACHED: 2023-10-18 18:35:37.498433239 +0000 UTC m=+0.014982078
DONE: 2023-10-18 18:40:10.815
