START: 2023-10-06 16:46:09.270
SEEDS: 2023-10-06 16:46:18.729
RUN: 2023-10-14 03:39:39.882
REACHED: 2023-10-14 03:39:40.001900611 +0000 UTC m=+0.114167161
DONE: 2023-10-14 03:39:47.887
