START: 2023-10-10 13:56:26.053
RUN: 2023-10-10 13:56:26.055
REACHED: 2023-10-10 13:56:26.074054891 +0000 UTC m=+0.013630124
DONE: 2023-10-10 13:56:33.417
