START: 2023-10-10 14:13:06.677
RUN: 2023-10-10 14:13:06.678
REACHED: 2023-10-10 14:13:06.770382515 +0000 UTC m=+0.086390282
DONE: 2023-10-10 14:13:29.233
