START: 2023-10-04 17:01:39.453
SEEDS: 2023-10-04 17:06:01.921
RUN: 2023-10-18 16:35:44.068
REACHED: 2023-10-18 16:35:44.089502998 +0000 UTC m=+0.015378079
TIMEDOUT: 2023-10-18 16:45:44.076
