START: 2023-10-08 17:11:35.620
SEEDS: 2023-10-08 17:11:42.842
RUN: 2023-10-16 21:07:39.385
REACHED: 2023-10-16 21:07:39.405537922 +0000 UTC m=+0.014837633
TIMEDOUT: 2023-10-16 21:17:39.392
