START: 2023-09-25 12:37:25.985
SEEDS: 2023-09-25 12:37:33.779
RUN: 2023-10-12 16:37:02.758
REACHED: 2023-10-12 16:37:02.776247524 +0000 UTC m=+0.012687967
DONE: 2023-10-12 16:37:15.132
