START: 2023-10-05 09:43:04.313
SEEDS: 2023-10-05 09:45:49.308
RUN: 2023-10-14 10:56:14.519
REACHED: 2023-10-14 10:56:14.717535336 +0000 UTC m=+0.192973019
TIMEDOUT: 2023-10-14 11:06:14.525
