START: 2023-10-08 16:36:13.596
SEEDS: 2023-10-08 16:36:22.161
RUN: 2023-10-13 23:07:00.254
REACHED: 2023-10-13 23:07:00.403532006 +0000 UTC m=+0.143751153
DONE: 2023-10-13 23:07:37.330
