START: 2023-10-10 13:52:12.175
RUN: 2023-10-10 13:52:12.176
REACHED: 2023-10-10 13:52:12.194155982 +0000 UTC m=+0.012325869
DONE: 2023-10-10 13:52:54.060
