START: 2023-10-05 10:19:06.124
SEEDS: 2023-10-05 10:21:53.710
RUN: 2023-10-18 01:43:50.109
REACHED: 2023-10-18 01:43:50.128042078 +0000 UTC m=+0.013831873
TIMEDOUT: 2023-10-18 01:53:50.115
