START: 2023-09-29 11:49:59.184
SEEDS: 2023-09-29 11:52:28.571
RUN: 2023-10-12 21:15:06.290
REACHED: 2023-10-12 21:15:06.30778273 +0000 UTC m=+0.012484581
DONE: 2023-10-12 21:16:04.405
