START: 2023-10-09 12:37:19.099
SEEDS: 2023-10-09 12:37:58.569
RUN: 2023-10-12 13:55:25.379
REACHED: 2023-10-12 13:55:25.397003425 +0000 UTC m=+0.012501368
DONE: 2023-10-12 13:56:25.494
