START: 2023-10-05 10:07:58.992
SEEDS: 2023-10-05 10:10:45.809
RUN: 2023-10-17 23:03:49.813
REACHED: 2023-10-17 23:03:49.835598269 +0000 UTC m=+0.016243738
TIMEDOUT: 2023-10-17 23:13:49.820
