START: 2023-10-05 09:56:54.481
SEEDS: 2023-10-05 09:59:39.557
RUN: 2023-10-14 10:16:14.803
REACHED: 2023-10-14 10:16:14.858185678 +0000 UTC m=+0.049199652
DONE: 2023-10-14 10:16:15.952
