START: 2023-09-27 14:42:33.820
SEEDS: 2023-09-27 14:45:16.781
RUN: 2023-10-12 20:55:42.742
REACHED: 2023-10-12 20:55:42.760446687 +0000 UTC m=+0.012621272
DONE: 2023-10-12 20:55:58.264
