START: 2023-10-10 17:03:57.510
SEEDS: 2023-10-10 17:04:22.140
RUN: 2023-10-15 00:44:16.847
REACHED: 2023-10-15 00:44:16.868357305 +0000 UTC m=+0.015261758
TIMEDOUT: 2023-10-15 00:54:16.854
