START: 2023-10-08 19:44:52.304
SEEDS: 2023-10-08 19:45:42.512
RUN: 2023-10-13 10:26:30.519
REACHED: 2023-10-13 10:26:31.662708009 +0000 UTC m=+1.138476697
DONE: 2023-10-13 10:29:29.296
