START: 2023-10-08 16:54:06.004
SEEDS: 2023-10-08 16:54:13.469
RUN: 2023-10-17 04:19:08.144
REACHED: 2023-10-17 04:19:08.166257072 +0000 UTC m=+0.016855341
TIMEDOUT: 2023-10-17 04:29:08.150
