START: 2023-10-05 14:26:50.313
SEEDS: 2023-10-05 14:29:36.051
RUN: 2023-10-14 15:35:21.837
REACHED: 2023-10-14 15:35:21.902485752 +0000 UTC m=+0.059921698
DONE: 2023-10-14 15:40:00.470
