START: 2023-10-11 21:40:01.145
SEEDS: 2023-10-11 21:41:49.672
RUN: 2023-10-16 10:10:08.984
REACHED: 2023-10-16 10:10:09.006856952 +0000 UTC m=+0.017218530
DONE: 2023-10-16 10:10:38.779
