START: 2023-10-11 20:20:14.334
SEEDS: 2023-10-11 20:22:23.298
RUN: 2023-10-13 16:51:53.635
REACHED: 2023-10-13 16:51:54.01204228 +0000 UTC m=+0.371618845
TIMEDOUT: 2023-10-13 17:01:53.641
