START: 2023-10-10 10:21:31.734
SEEDS: 2023-10-10 10:22:10.957
RUN: 2023-10-12 14:00:37.800
REACHED: 2023-10-12 14:00:37.81941471 +0000 UTC m=+0.013534734
DONE: 2023-10-12 14:00:39.321
