START: 2023-10-06 16:44:28.067
SEEDS: 2023-10-06 16:44:44.434
RUN: 2023-10-14 02:45:59.087
REACHED: 2023-10-14 02:45:59.278554734 +0000 UTC m=+0.186083376
DONE: 2023-10-14 02:49:47.458
