START: 2023-10-08 18:55:52.083
SEEDS: 2023-10-08 18:56:17.769
RUN: 2023-10-13 13:18:46.804
REACHED: 2023-10-13 13:18:46.865458364 +0000 UTC m=+0.055991772
DONE: 2023-10-13 13:20:03.796
