START: 2023-09-29 14:10:32.265
SEEDS: 2023-09-29 14:11:06.806
RUN: 2023-10-12 22:28:50.061
REACHED: 2023-10-12 22:28:50.079196054 +0000 UTC m=+0.012508713
DONE: 2023-10-12 22:29:33.684
