START: 2023-10-04 18:34:13.277
SEEDS: 2023-10-04 18:34:55.531
RUN: 2023-10-14 11:37:37.249
REACHED: 2023-10-14 11:37:38.089489418 +0000 UTC m=+0.834413243
TIMEDOUT: 2023-10-14 11:47:37.256
