START: 2023-10-04 17:57:13.375
SEEDS: 2023-10-04 17:59:58.054
RUN: 2023-10-18 19:58:12.709
REACHED: 2023-10-18 19:58:12.732116552 +0000 UTC m=+0.017909981
TIMEDOUT: 2023-10-18 20:08:12.715
