START: 2023-10-10 17:04:55.693
SEEDS: 2023-10-10 17:04:55.702
RUN: 2023-10-10 17:04:55.703
REACHED: 2023-10-10 17:04:55.722396602 +0000 UTC m=+0.013600334
DONE: 2023-10-10 17:06:10.160
