START: 2023-10-05 17:17:07.030
SEEDS: 2023-10-05 17:17:07.039
RUN: 2023-10-05 17:17:07.040
REACHED: 2023-10-05 17:17:07.055793848 +0000 UTC m=+0.009621390
TIMEDOUT: 2023-10-05 17:27:07.047
