START: 2023-10-10 19:08:36.377
SEEDS: 2023-10-10 19:09:56.704
RUN: 2023-10-14 21:59:38.314
REACHED: 2023-10-14 21:59:38.338102561 +0000 UTC m=+0.018589992
TIMEDOUT: 2023-10-14 22:09:38.320
