START: 2023-09-14 16:12:35.334
SEEDS: 2023-09-14 16:14:36.428
RUN: 2023-10-12 13:28:35.015
REACHED: 2023-10-12 13:28:35.03289187 +0000 UTC m=+0.012526345
DONE: 2023-10-12 13:29:42.499
