START: 2023-10-13 13:03:57.082
SEEDS: 2023-10-13 13:06:34.410
RUN: 2023-10-17 22:09:56.862
REACHED: 2023-10-17 22:09:56.883262471 +0000 UTC m=+0.015316653
DONE: 2023-10-17 22:13:49.709
