START: 2023-10-08 17:04:33.185
SEEDS: 2023-10-08 17:04:52.490
RUN: 2023-10-13 22:10:49.551
REACHED: 2023-10-13 22:10:49.798575655 +0000 UTC m=+0.242087293
DONE: 2023-10-13 22:12:26.109
