START: 2023-10-08 17:01:00.620
SEEDS: 2023-10-08 17:01:08.767
RUN: 2023-10-12 15:51:43.323
REACHED: 2023-10-12 15:51:43.340624569 +0000 UTC m=+0.012314300
DONE: 2023-10-12 15:52:01.969
