START: 2023-10-06 17:30:37.986
SEEDS: 2023-10-06 17:30:46.444
RUN: 2023-10-14 01:40:03.215
REACHED: 2023-10-14 01:40:03.310888159 +0000 UTC m=+0.090694828
DONE: 2023-10-14 01:40:04.422
