START: 2023-09-18 09:51:04.524
SEEDS: 2023-09-18 09:51:17.063
RUN: 2023-10-12 15:31:03.417
REACHED: 2023-10-12 15:31:03.435344561 +0000 UTC m=+0.012457240
DONE: 2023-10-12 15:32:08.853
