START: 2023-09-27 14:29:08.950
SEEDS: 2023-09-27 15:53:02.140
REACHED: 2023-09-27 15:53:02.158758125 +0000 UTC m=+0.012639178
DONE: 2023-09-27 15:53:43.164
