START: 2023-10-05 13:37:52.280
RUN: 2023-10-05 13:37:52.282
REACHED: 2023-10-05 13:37:52.302066844 +0000 UTC m=+0.014452165
TIMEDOUT: 2023-10-05 13:47:52.289
