START: 2023-10-06 15:39:21.048
SEEDS: 2023-10-06 15:40:42.953
RUN: 2023-10-13 18:49:14.864
REACHED: 2023-10-13 18:49:15.069769585 +0000 UTC m=+0.200681924
DONE: 2023-10-13 18:49:28.379
