START: 2023-10-13 12:29:38.207
SEEDS: 2023-10-13 12:32:14.688
RUN: 2023-10-17 20:15:58.086
REACHED: 2023-10-17 20:15:58.110332376 +0000 UTC m=+0.019091397
TIMEDOUT: 2023-10-17 20:25:58.092
