START: 2023-09-26 18:37:42.629
SEEDS: 2023-09-26 18:38:13.363
RUN: 2023-10-12 21:09:55.317
REACHED: 2023-10-12 21:09:55.335095557 +0000 UTC m=+0.012427272
DONE: 2023-10-12 21:10:51.164
