START: 2023-10-06 16:45:20.334
SEEDS: 2023-10-06 16:45:29.020
RUN: 2023-10-14 03:00:22.262
REACHED: 2023-10-14 03:00:22.393864648 +0000 UTC m=+0.126011031
DONE: 2023-10-14 03:06:33.392
