START: 2023-10-05 16:57:06.966
SEEDS: 2023-10-05 16:57:06.975
RUN: 2023-10-05 16:57:06.977
REACHED: 2023-10-05 16:57:06.991775217 +0000 UTC m=+0.009690045
TIMEDOUT: 2023-10-05 17:07:06.983
