START: 2023-10-13 09:35:07.217
SEEDS: 2023-10-13 09:37:18.695
RUN: 2023-10-13 14:11:43.417
REACHED: 2023-10-13 14:11:43.43542745 +0000 UTC m=+0.012457321
DONE: 2023-10-13 14:12:06.469
