START: 2023-10-08 19:52:28.120
SEEDS: 2023-10-08 19:53:07.967
RUN: 2023-10-13 12:00:00.353
REACHED: 2023-10-13 12:00:00.709792163 +0000 UTC m=+0.351446349
DONE: 2023-10-13 12:08:31.104
