START: 2023-09-14 14:40:22.153
SEEDS: 2023-09-14 14:40:22.161
REACHED: 2023-09-14 14:40:22.184120314 +0000 UTC m=+0.016992425
DONE: 2023-09-14 14:40:43.019
