START: 2023-10-08 19:00:52.061
SEEDS: 2023-10-08 19:01:18.010
RUN: 2023-10-13 14:33:33.860
REACHED: 2023-10-13 14:33:34.067321135 +0000 UTC m=+0.201574539
DONE: 2023-10-13 14:33:36.058
