START: 2023-09-26 17:56:56.717
SEEDS: 2023-09-26 18:01:25.921
RUN: 2023-10-12 21:00:49.540
REACHED: 2023-10-12 21:00:49.55797426 +0000 UTC m=+0.012431904
DONE: 2023-10-12 21:01:43.600
