START: 2023-10-09 13:38:55.033
SEEDS: 2023-10-09 13:39:48.545
RUN: 2023-10-12 13:47:55.776
REACHED: 2023-10-12 13:47:55.793777861 +0000 UTC m=+0.012517019
DONE: 2023-10-12 13:47:56.983
