START: 2023-10-13 10:46:36.052
SEEDS: 2023-10-13 10:53:33.117
RUN: 2023-10-14 08:07:50.288
REACHED: 2023-10-14 08:07:50.365912767 +0000 UTC m=+0.072190139
TIMEDOUT: 2023-10-14 08:17:50.295
