START: 2023-10-10 16:31:49.434
SEEDS: 2023-10-10 16:32:25.924
RUN: 2023-10-12 13:21:34.944
REACHED: 2023-10-12 13:21:34.961700926 +0000 UTC m=+0.012470044
DONE: 2023-10-12 13:21:51.804
