START: 2023-10-05 11:11:56.569
SEEDS: 2023-10-05 11:14:43.370
RUN: 2023-10-18 00:53:50.016
REACHED: 2023-10-18 00:53:50.035698936 +0000 UTC m=+0.013693277
TIMEDOUT: 2023-10-18 01:03:50.023
