START: 2023-09-29 13:44:05.467
SEEDS: 2023-09-29 13:44:45.582
RUN: 2023-10-12 22:14:39.431
REACHED: 2023-10-12 22:14:39.449341108 +0000 UTC m=+0.012711941
DONE: 2023-10-12 22:14:39.497
