START: 2023-10-10 18:05:39.121
SEEDS: 2023-10-10 18:07:06.887
RUN: 2023-10-12 23:29:02.276
REACHED: 2023-10-12 23:29:02.388249707 +0000 UTC m=+0.107151172
DONE: 2023-10-12 23:35:14.756
