START: 2023-10-07 04:40:15.780
SEEDS: 2023-10-07 04:46:39.466
RUN: 2023-10-13 03:12:30.053
REACHED: 2023-10-13 03:12:30.483870014 +0000 UTC m=+0.425875130
TIMEDOUT: 2023-10-13 03:22:30.059
