START: 2023-10-08 17:13:24.139
SEEDS: 2023-10-08 17:13:36.817
RUN: 2023-10-16 23:53:02.315
REACHED: 2023-10-16 23:53:02.335532411 +0000 UTC m=+0.014235457
TIMEDOUT: 2023-10-17 00:03:02.322
