START: 2023-10-06 17:54:02.282
SEEDS: 2023-10-06 17:57:24.733
RUN: 2023-10-13 20:36:08.564
REACHED: 2023-10-13 20:36:08.643739195 +0000 UTC m=+0.074554598
TIMEDOUT: 2023-10-13 20:46:08.570
