START: 2023-10-06 17:19:59.269
SEEDS: 2023-10-06 17:20:07.737
RUN: 2023-10-17 15:39:06.878
REACHED: 2023-10-17 15:39:06.898793934 +0000 UTC m=+0.014949972
TIMEDOUT: 2023-10-17 15:49:06.885
