START: 2023-10-06 15:29:03.224
SEEDS: 2023-10-06 15:30:41.179
RUN: 2023-10-13 18:45:37.612
REACHED: 2023-10-13 18:45:38.034445052 +0000 UTC m=+0.417387063
DONE: 2023-10-13 18:46:08.049
