START: 2023-10-10 16:49:18.307
SEEDS: 2023-10-10 16:49:41.453
RUN: 2023-10-13 01:53:07.080
REACHED: 2023-10-13 01:53:07.33916217 +0000 UTC m=+0.253820741
DONE: 2023-10-13 01:53:16.355
