START: 2023-10-06 17:29:50.938
SEEDS: 2023-10-06 17:29:59.545
RUN: 2023-10-14 02:22:22.825
REACHED: 2023-10-14 02:22:22.888314433 +0000 UTC m=+0.057973920
TIMEDOUT: 2023-10-14 02:32:22.832
