START: 2023-10-04 19:17:10.018
SEEDS: 2023-10-04 19:17:51.774
RUN: 2023-10-14 12:35:09.696
REACHED: 2023-10-14 12:35:09.842783397 +0000 UTC m=+0.141400191
DONE: 2023-10-14 12:35:13.886
