START: 2023-10-10 16:42:00.043
SEEDS: 2023-10-10 16:42:36.290
RUN: 2023-10-13 01:07:03.084
REACHED: 2023-10-13 01:07:03.31210471 +0000 UTC m=+0.222428734
DONE: 2023-10-13 01:07:05.730
