START: 2023-10-05 12:09:39.433
SEEDS: 2023-10-05 12:10:20.677
RUN: 2023-10-14 15:58:02.306
REACHED: 2023-10-14 15:58:02.435337294 +0000 UTC m=+0.123995818
TIMEDOUT: 2023-10-14 16:08:02.312
