START: 2023-09-29 09:57:46.464
SEEDS: 2023-09-29 10:04:31.269
RUN: 2023-10-12 21:26:50.235
REACHED: 2023-10-12 21:26:50.253841649 +0000 UTC m=+0.013489938
DONE: 2023-10-12 21:27:46.776
