START: 2023-09-28 13:10:08.498
SEEDS: 2023-09-28 14:34:01.054
REACHED: 2023-09-28 14:34:01.072305265 +0000 UTC m=+0.012487898
DONE: 2023-09-28 14:34:09.921
