START: 2023-09-26 18:14:08.896
SEEDS: 2023-09-26 18:14:39.401
RUN: 2023-10-12 21:04:27.800
REACHED: 2023-10-12 21:04:27.817747161 +0000 UTC m=+0.012613113
DONE: 2023-10-12 21:04:29.746
