START: 2023-10-11 21:29:12.053
SEEDS: 2023-10-11 21:30:59.875
RUN: 2023-10-16 10:30:38.825
REACHED: 2023-10-16 10:30:38.850194499 +0000 UTC m=+0.019086052
TIMEDOUT: 2023-10-16 10:40:38.832
