START: 2023-10-10 19:09:56.715
SEEDS: 2023-10-10 19:11:16.904
RUN: 2023-10-14 22:39:38.389
REACHED: 2023-10-14 22:39:38.406574559 +0000 UTC m=+0.011964023
TIMEDOUT: 2023-10-14 22:49:38.396
