START: 2023-09-27 09:37:08.174
SEEDS: 2023-09-27 09:37:16.301
RUN: 2023-10-12 16:38:22.080
REACHED: 2023-10-12 16:38:22.098222279 +0000 UTC m=+0.012476406
DONE: 2023-10-12 16:38:42.973
