START: 2023-10-10 16:38:31.629
SEEDS: 2023-10-10 16:39:25.800
RUN: 2023-10-13 00:44:37.481
REACHED: 2023-10-13 00:44:37.875946566 +0000 UTC m=+0.389544798
DONE: 2023-10-13 00:44:43.669
