START: 2023-10-10 18:23:42.335
SEEDS: 2023-10-10 18:25:11.064
RUN: 2023-10-12 23:13:20.997
REACHED: 2023-10-12 23:13:21.109985762 +0000 UTC m=+0.107287351
DONE: 2023-10-12 23:15:07.490
