START: 2023-10-08 19:14:46.375
SEEDS: 2023-10-08 19:15:22.402
RUN: 2023-10-16 04:14:51.610
REACHED: 2023-10-16 04:14:51.625063596 +0000 UTC m=+0.009741432
TIMEDOUT: 2023-10-16 04:24:51.616
