START: 2023-10-10 10:49:55.876
SEEDS: 2023-10-10 10:50:36.174
RUN: 2023-10-13 08:47:51.483
REACHED: 2023-10-13 08:47:51.64300482 +0000 UTC m=+0.154111373
TIMEDOUT: 2023-10-13 08:57:51.490
