START: 2023-10-11 16:27:12.527
SEEDS: 2023-10-11 16:33:56.022
RUN: 2023-10-13 17:37:01.829
REACHED: 2023-10-13 17:37:02.152195279 +0000 UTC m=+0.317933139
DONE: 2023-10-13 17:40:02.569
