START: 2023-09-25 12:03:36.077
SEEDS: 2023-09-25 12:03:42.083
REACHED: 2023-09-25 12:03:42.10099023 +0000 UTC m=+0.012534338
DONE: 2023-09-25 12:03:48.469
