START: 2023-10-08 20:08:15.740
SEEDS: 2023-10-08 20:08:47.794
RUN: 2023-10-15 21:54:50.909
REACHED: 2023-10-15 21:54:50.929471929 +0000 UTC m=+0.014383864
TIMEDOUT: 2023-10-15 22:04:50.916
