START: 2023-10-08 19:12:05.365
SEEDS: 2023-10-08 19:12:23.091
RUN: 2023-10-16 03:04:51.480
REACHED: 2023-10-16 03:04:51.502890202 +0000 UTC m=+0.016906812
TIMEDOUT: 2023-10-16 03:14:51.487
