START: 2023-10-05 14:17:52.373
RUN: 2023-10-05 14:17:52.375
REACHED: 2023-10-05 14:17:52.39676382 +0000 UTC m=+0.016597527
TIMEDOUT: 2023-10-05 14:27:52.381
