START: 2023-10-10 17:14:18.961
SEEDS: 2023-10-10 17:14:55.624
RUN: 2023-10-15 03:24:17.146
REACHED: 2023-10-15 03:24:17.17057069 +0000 UTC m=+0.018656749
TIMEDOUT: 2023-10-15 03:34:17.153
