START: 2023-10-04 19:09:53.774
SEEDS: 2023-10-04 19:10:28.036
RUN: 2023-10-14 11:53:52.830
REACHED: 2023-10-14 11:53:52.978901271 +0000 UTC m=+0.143335668
TIMEDOUT: 2023-10-14 12:03:52.837
