START: 2023-10-06 17:21:04.212
SEEDS: 2023-10-06 17:21:11.739
RUN: 2023-10-17 16:27:47.197
REACHED: 2023-10-17 16:27:47.216078502 +0000 UTC m=+0.013611144
DONE: 2023-10-17 16:29:42.378
