START: 2023-10-09 13:29:11.510
SEEDS: 2023-10-09 13:30:04.845
RUN: 2023-10-12 13:40:16.265
REACHED: 2023-10-12 13:40:16.283227996 +0000 UTC m=+0.012344406
DONE: 2023-10-12 13:41:05.594
