START: 2023-10-10 17:44:55.234
SEEDS: 2023-10-10 17:44:55.242
RUN: 2023-10-10 17:44:55.244
REACHED: 2023-10-10 17:44:55.313209736 +0000 UTC m=+0.063652415
DONE: 2023-10-10 17:45:00.943
