START: 2023-10-09 13:55:04.464
SEEDS: 2023-10-09 13:55:57.831
RUN: 2023-10-13 04:36:50.482
REACHED: 2023-10-13 04:36:50.650768229 +0000 UTC m=+0.163408392
DONE: 2023-10-13 04:36:57.096
