START: 2023-10-10 16:22:01.333
SEEDS: 2023-10-10 16:22:27.976
RUN: 2023-10-12 13:13:34.645
REACHED: 2023-10-12 13:13:34.663477674 +0000 UTC m=+0.012531772
DONE: 2023-10-12 13:14:08.273
