START: 2023-10-08 16:58:37.489
SEEDS: 2023-10-08 16:58:55.945
RUN: 2023-10-12 15:48:34.692
REACHED: 2023-10-12 15:48:34.709947253 +0000 UTC m=+0.012294233
DONE: 2023-10-12 15:51:10.129
