START: 2023-10-08 19:59:53.064
SEEDS: 2023-10-08 20:00:32.824
RUN: 2023-10-13 10:59:58.454
REACHED: 2023-10-13 10:59:58.786649402 +0000 UTC m=+0.326816449
DONE: 2023-10-13 11:07:35.041
