START: 2023-09-20 09:56:57.718
SEEDS: 2023-09-20 09:57:13.258
RUN: 2023-10-12 16:23:54.007
REACHED: 2023-10-12 16:23:54.02532197 +0000 UTC m=+0.012570985
DONE: 2023-10-12 16:25:15.496
