START: 2023-10-09 11:37:15.930
SEEDS: 2023-10-09 11:51:52.016
RUN: 2023-10-09 11:51:52.018
REACHED: 2023-10-09 11:51:52.040925096 +0000 UTC m=+0.017316111
TIMEDOUT: 2023-10-09 12:01:52.025
