START: 2023-09-20 10:03:18.399
SEEDS: 2023-09-20 10:03:25.015
RUN: 2023-10-12 16:27:08.931
REACHED: 2023-10-12 16:27:08.949005222 +0000 UTC m=+0.012675524
DONE: 2023-10-12 16:28:14.414
