START: 2023-10-06 17:04:30.629
SEEDS: 2023-10-06 17:04:40.970
RUN: 2023-10-14 04:38:26.977
REACHED: 2023-10-14 04:38:27.044654991 +0000 UTC m=+0.061881009
TIMEDOUT: 2023-10-14 04:48:26.984
