START: 2023-10-06 16:44:56.051
SEEDS: 2023-10-06 16:45:05.066
RUN: 2023-10-14 02:50:02.233
REACHED: 2023-10-14 02:50:02.413236023 +0000 UTC m=+0.174910608
DONE: 2023-10-14 02:50:22.241
