START: 2023-09-29 11:25:54.515
SEEDS: 2023-09-29 11:28:35.817
RUN: 2023-10-12 21:24:41.250
REACHED: 2023-10-12 21:24:41.268759986 +0000 UTC m=+0.013498197
DONE: 2023-10-12 21:25:58.409
