START: 2023-10-09 13:34:38.768
SEEDS: 2023-10-09 13:35:16.764
RUN: 2023-10-12 13:38:40.501
REACHED: 2023-10-12 13:38:40.519315944 +0000 UTC m=+0.012830719
DONE: 2023-10-12 13:39:33.638
