START: 2023-09-27 14:23:55.891
SEEDS: 2023-09-27 14:26:41.664
RUN: 2023-10-12 20:54:42.110
REACHED: 2023-10-12 20:54:42.127973414 +0000 UTC m=+0.012551732
DONE: 2023-10-12 20:55:42.717
