START: 2023-10-08 19:01:37.222
SEEDS: 2023-10-08 19:02:02.730
RUN: 2023-10-13 14:43:36.080
REACHED: 2023-10-13 14:43:36.41611351 +0000 UTC m=+0.330926181
DONE: 2023-10-13 14:47:06.956
