START: 2023-10-07 02:02:29.981
SEEDS: 2023-10-07 02:07:25.861
RUN: 2023-10-13 02:22:59.594
REACHED: 2023-10-13 02:22:59.826606542 +0000 UTC m=+0.227161836
DONE: 2023-10-13 02:23:00.562
