START: 2023-10-08 17:09:45.587
SEEDS: 2023-10-08 17:09:52.780
RUN: 2023-10-16 22:07:39.495
REACHED: 2023-10-16 22:07:39.513687785 +0000 UTC m=+0.012755598
TIMEDOUT: 2023-10-16 22:17:39.502
