START: 2023-10-08 16:57:55.079
SEEDS: 2023-10-08 16:58:03.393
RUN: 2023-10-12 15:53:45.256
REACHED: 2023-10-12 15:53:45.274091473 +0000 UTC m=+0.012370427
DONE: 2023-10-12 15:55:06.994
