START: 2023-10-06 17:31:57.371
SEEDS: 2023-10-06 17:32:05.888
RUN: 2023-10-14 02:32:23.501
REACHED: 2023-10-14 02:32:23.80416907 +0000 UTC m=+0.297302062
DONE: 2023-10-14 02:32:28.907
