START: 2023-10-05 16:02:18.111
SEEDS: 2023-10-05 16:02:18.120
RUN: 2023-10-05 16:02:18.121
REACHED: 2023-10-05 16:02:18.136401465 +0000 UTC m=+0.009441872
TIMEDOUT: 2023-10-05 16:12:18.128
