START: 2023-09-14 14:39:25.241
SEEDS: 2023-09-14 14:39:25.250
REACHED: 2023-09-14 14:39:25.268508235 +0000 UTC m=+0.012469461
DONE: 2023-09-14 14:40:13.723
