START: 2023-10-08 16:39:55.189
SEEDS: 2023-10-08 16:40:42.560
RUN: 2023-10-13 23:42:22.864
REACHED: 2023-10-13 23:42:22.933549431 +0000 UTC m=+0.063701725
TIMEDOUT: 2023-10-13 23:52:22.871
