START: 2023-10-06 17:12:48.990
SEEDS: 2023-10-06 17:13:08.307
RUN: 2023-10-14 05:09:14.712
REACHED: 2023-10-14 05:09:14.992042044 +0000 UTC m=+0.274882256
DONE: 2023-10-14 05:10:58.820
