START: 2023-10-11 13:46:33.896
SEEDS: 2023-10-11 13:53:54.839
RUN: 2023-10-12 15:03:03.977
REACHED: 2023-10-12 15:03:03.994673673 +0000 UTC m=+0.012466815
DONE: 2023-10-12 15:04:28.625
