START: 2023-10-06 17:21:11.748
SEEDS: 2023-10-06 17:21:25.826
RUN: 2023-10-17 16:29:42.388
REACHED: 2023-10-17 16:29:42.40820122 +0000 UTC m=+0.014581703
TIMEDOUT: 2023-10-17 16:39:42.394
