START: 2023-10-09 12:56:29.272
SEEDS: 2023-10-09 12:56:53.855
RUN: 2023-10-13 07:32:44.902
REACHED: 2023-10-13 07:32:44.953342963 +0000 UTC m=+0.045531064
DONE: 2023-10-13 07:35:16.995
