START: 2023-10-08 18:57:19.778
SEEDS: 2023-10-08 18:57:45.278
RUN: 2023-10-13 13:33:02.383
REACHED: 2023-10-13 13:33:02.524265307 +0000 UTC m=+0.135787967
DONE: 2023-10-13 13:36:02.560
