START: 2023-10-09 13:20:58.752
SEEDS: 2023-10-09 13:22:44.022
RUN: 2023-10-15 16:14:19.032
REACHED: 2023-10-15 16:14:19.052573669 +0000 UTC m=+0.015017453
TIMEDOUT: 2023-10-15 16:24:19.038
