START: 2023-09-25 14:43:50.490
SEEDS: 2023-09-25 14:44:06.097
RUN: 2023-10-12 16:13:37.375
REACHED: 2023-10-12 16:13:37.393461494 +0000 UTC m=+0.012398573
DONE: 2023-10-12 16:13:58.275
