START: 2023-09-29 10:33:33.036
SEEDS: 2023-09-29 10:34:08.920
RUN: 2023-10-12 21:38:51.746
REACHED: 2023-10-12 21:38:51.764145286 +0000 UTC m=+0.012692851
DONE: 2023-10-12 21:39:25.749
