START: 2023-09-29 16:06:07.105
REACHED: 2023-09-29 16:06:07.562591835 +0000 UTC m=+0.452419195
DONE: 2023-09-29 16:12:19.959
