START: 2023-09-25 14:46:11.397
SEEDS: 2023-09-25 14:46:57.796
RUN: 2023-10-12 16:22:59.080
REACHED: 2023-10-12 16:22:59.102708106 +0000 UTC m=+0.016841115
DONE: 2023-10-12 16:23:12.487
