START: 2023-10-11 21:36:25.348
SEEDS: 2023-10-11 21:38:12.626
RUN: 2023-10-16 08:50:08.836
REACHED: 2023-10-16 08:50:08.856946944 +0000 UTC m=+0.014771073
TIMEDOUT: 2023-10-16 09:00:08.843
