START: 2023-09-27 09:55:01.321
SEEDS: 2023-09-27 09:55:20.971
RUN: 2023-10-12 16:50:47.913
REACHED: 2023-10-12 16:50:47.933524683 +0000 UTC m=+0.014348771
DONE: 2023-10-12 16:50:50.434
