START: 2023-10-09 13:30:58.071
SEEDS: 2023-10-09 13:31:51.959
RUN: 2023-10-12 13:43:56.613
REACHED: 2023-10-12 13:43:56.631666609 +0000 UTC m=+0.012490508
DONE: 2023-10-12 13:44:40.714
