START: 2023-10-08 17:10:56.809
SEEDS: 2023-10-08 17:11:04.460
RUN: 2023-10-16 22:53:02.204
REACHED: 2023-10-16 22:53:02.225303516 +0000 UTC m=+0.015559542
TIMEDOUT: 2023-10-16 23:03:02.211
