START: 2023-09-27 14:56:03.289
SEEDS: 2023-09-27 14:58:36.182
RUN: 2023-10-12 20:51:21.825
REACHED: 2023-10-12 20:51:21.843333779 +0000 UTC m=+0.012489983
DONE: 2023-10-12 20:51:50.020
