START: 2023-09-28 10:21:16.093
SEEDS: 2023-09-28 11:45:18.473
REACHED: 2023-09-28 11:45:18.491220286 +0000 UTC m=+0.012557592
DONE: 2023-09-28 11:45:18.531
