START: 2023-10-06 17:36:15.867
SEEDS: 2023-10-06 17:36:23.089
RUN: 2023-10-17 06:26:45.987
REACHED: 2023-10-17 06:26:46.01418341 +0000 UTC m=+0.021842528
TIMEDOUT: 2023-10-17 06:36:45.993
