START: 2023-10-04 18:29:30.763
SEEDS: 2023-10-04 18:31:32.394
RUN: 2023-10-14 11:31:39.912
REACHED: 2023-10-14 11:31:40.101119429 +0000 UTC m=+0.183561664
DONE: 2023-10-14 11:33:30.799
