START: 2023-10-08 16:45:49.881
SEEDS: 2023-10-08 16:46:01.640
RUN: 2023-10-17 00:13:02.355
REACHED: 2023-10-17 00:13:02.376106407 +0000 UTC m=+0.015325557
TIMEDOUT: 2023-10-17 00:23:02.362
