START: 2023-09-27 09:45:44.017
SEEDS: 2023-09-27 09:45:59.845
RUN: 2023-10-12 16:41:59.743
REACHED: 2023-10-12 16:41:59.761728403 +0000 UTC m=+0.012558438
DONE: 2023-10-12 16:42:04.529
