START: 2023-10-08 16:46:01.648
SEEDS: 2023-10-08 16:46:09.346
RUN: 2023-10-17 00:23:02.374
REACHED: 2023-10-17 00:23:02.394975518 +0000 UTC m=+0.015379305
TIMEDOUT: 2023-10-17 00:33:02.381
