START: 2023-09-25 12:38:12.275
SEEDS: 2023-09-25 12:38:29.914
RUN: 2023-10-12 16:37:15.238
REACHED: 2023-10-12 16:37:15.263512882 +0000 UTC m=+0.019512143
DONE: 2023-10-12 16:37:15.308
