START: 2023-10-09 12:53:39.013
SEEDS: 2023-10-09 12:54:09.552
RUN: 2023-10-13 07:01:53.410
REACHED: 2023-10-13 07:01:53.557191718 +0000 UTC m=+0.141866650
DONE: 2023-10-13 07:03:05.283
