START: 2023-10-10 13:50:22.731
RUN: 2023-10-10 13:50:22.733
REACHED: 2023-10-10 13:50:22.768366221 +0000 UTC m=+0.016471034
DONE: 2023-10-10 13:50:55.520
