START: 2023-10-08 16:53:27.041
SEEDS: 2023-10-08 16:53:34.055
RUN: 2023-10-17 03:30:38.156
REACHED: 2023-10-17 03:30:38.176494661 +0000 UTC m=+0.015043786
TIMEDOUT: 2023-10-17 03:40:38.162
