START: 2023-10-04 20:04:23.293
SEEDS: 2023-10-04 20:05:11.987
RUN: 2023-10-18 06:14:26.103
REACHED: 2023-10-18 06:14:26.126102638 +0000 UTC m=+0.017454104
TIMEDOUT: 2023-10-18 06:24:26.110
