START: 2023-09-30 15:21:40.130
SEEDS: 2023-09-30 15:21:40.139
REACHED: 2023-09-30 15:21:40.561792203 +0000 UTC m=+0.417568609
DONE: 2023-09-30 15:21:54.073
