START: 2023-10-05 16:32:18.207
SEEDS: 2023-10-05 16:32:18.216
RUN: 2023-10-05 16:32:18.217
REACHED: 2023-10-05 16:32:18.232772506 +0000 UTC m=+0.009875088
TIMEDOUT: 2023-10-05 16:42:18.224
