START: 2023-09-14 16:25:19.429
SEEDS: 2023-09-14 16:26:57.917
RUN: 2023-10-12 13:30:49.132
REACHED: 2023-10-12 13:30:49.150264447 +0000 UTC m=+0.012524344
DONE: 2023-10-12 13:30:49.195
