START: 2023-10-08 19:02:02.742
SEEDS: 2023-10-08 19:02:30.312
RUN: 2023-10-13 14:47:06.965
REACHED: 2023-10-13 14:47:07.613092908 +0000 UTC m=+0.642857419
DONE: 2023-10-13 14:48:32.462
