START: 2023-10-09 13:57:45.077
SEEDS: 2023-10-09 13:58:40.729
RUN: 2023-10-13 05:08:18.498
REACHED: 2023-10-13 05:08:18.779268236 +0000 UTC m=+0.275608980
DONE: 2023-10-13 05:09:54.476
