START: 2023-10-09 13:30:04.854
SEEDS: 2023-10-09 13:30:58.062
RUN: 2023-10-12 13:42:12.403
REACHED: 2023-10-12 13:42:12.420769843 +0000 UTC m=+0.012396038
DONE: 2023-10-12 13:42:12.464
