START: 2023-10-10 17:42:53.584
SEEDS: 2023-10-10 17:44:23.164
RUN: 2023-10-12 13:01:00.227
REACHED: 2023-10-12 13:01:00.245383059 +0000 UTC m=+0.012500228
DONE: 2023-10-12 13:02:11.253
