START: 2023-09-29 14:03:11.475
SEEDS: 2023-09-29 14:08:50.773
RUN: 2023-10-12 22:17:05.453
REACHED: 2023-10-12 22:17:05.471100646 +0000 UTC m=+0.012583619
TIMEDOUT: 2023-10-12 22:27:05.460
