START: 2023-09-27 14:34:42.435
SEEDS: 2023-09-27 14:37:23.294
RUN: 2023-10-12 20:48:12.156
REACHED: 2023-10-12 20:48:12.173873446 +0000 UTC m=+0.012547671
DONE: 2023-10-12 20:48:47.370
