START: 2023-10-05 08:53:11.348
SEEDS: 2023-10-05 08:55:56.430
RUN: 2023-10-14 09:39:31.790
REACHED: 2023-10-14 09:39:31.94479429 +0000 UTC m=+0.149325747
DONE: 2023-10-14 09:46:01.918
