START: 2023-10-06 17:02:54.835
SEEDS: 2023-10-06 17:03:04.059
RUN: 2023-10-14 04:18:33.551
REACHED: 2023-10-14 04:18:33.778351987 +0000 UTC m=+0.221693467
DONE: 2023-10-14 04:23:25.038
