START: 2023-10-13 12:19:35.420
SEEDS: 2023-10-13 12:19:55.675
RUN: 2023-10-17 19:25:57.993
REACHED: 2023-10-17 19:25:58.013049451 +0000 UTC m=+0.014616216
TIMEDOUT: 2023-10-17 19:35:57.999
