START: 2023-10-11 21:07:33.734
SEEDS: 2023-10-11 21:09:22.029
RUN: 2023-10-16 07:14:51.951
REACHED: 2023-10-16 07:14:51.975688623 +0000 UTC m=+0.018753372
TIMEDOUT: 2023-10-16 07:24:51.958
