START: 2023-09-25 12:03:50.620
SEEDS: 2023-09-25 12:03:57.021
REACHED: 2023-09-25 12:03:57.038974479 +0000 UTC m=+0.012561115
DONE: 2023-09-25 12:04:19.562
