START: 2023-10-10 13:54:36.986
RUN: 2023-10-10 13:54:36.987
REACHED: 2023-10-10 13:54:37.005174341 +0000 UTC m=+0.012154266
DONE: 2023-10-10 13:55:09.876
