START: 2023-10-09 14:20:46.251
SEEDS: 2023-10-09 14:21:29.302
RUN: 2023-10-15 10:40:43.176
REACHED: 2023-10-15 10:40:43.195668497 +0000 UTC m=+0.013903262
TIMEDOUT: 2023-10-15 10:50:43.183
