START: 2023-09-25 12:34:21.073
SEEDS: 2023-09-25 12:34:27.801
RUN: 2023-10-12 16:28:24.328
REACHED: 2023-10-12 16:28:24.346758012 +0000 UTC m=+0.012775842
DONE: 2023-10-12 16:28:26.810
