START: 2023-10-04 19:19:55.386
SEEDS: 2023-10-04 19:20:37.454
RUN: 2023-10-14 12:37:43.969
REACHED: 2023-10-14 12:37:44.27228403 +0000 UTC m=+0.297773752
DONE: 2023-10-14 12:39:38.836
