START: 2023-10-08 20:04:59.507
SEEDS: 2023-10-08 20:05:31.534
RUN: 2023-10-15 22:24:50.964
REACHED: 2023-10-15 22:24:50.987265087 +0000 UTC m=+0.017959500
TIMEDOUT: 2023-10-15 22:34:50.970
