START: 2023-10-10 10:28:38.488
SEEDS: 2023-10-10 10:29:18.579
RUN: 2023-10-12 14:10:54.963
REACHED: 2023-10-12 14:10:54.981982301 +0000 UTC m=+0.013530486
DONE: 2023-10-12 14:10:55.024
