START: 2023-10-10 19:16:40.661
SEEDS: 2023-10-10 19:18:00.687
RUN: 2023-10-14 21:29:38.258
REACHED: 2023-10-14 21:29:38.288875837 +0000 UTC m=+0.025248773
TIMEDOUT: 2023-10-14 21:39:38.265
