START: 2023-10-07 08:29:36.117
SEEDS: 2023-10-07 08:29:48.151
RUN: 2023-10-15 05:32:38.914
REACHED: 2023-10-15 05:32:38.936909559 +0000 UTC m=+0.017649615
TIMEDOUT: 2023-10-15 05:42:38.920
