START: 2023-10-04 19:53:32.913
SEEDS: 2023-10-04 19:54:00.062
RUN: 2023-10-18 05:04:25.975
REACHED: 2023-10-18 05:04:25.998862337 +0000 UTC m=+0.018389039
TIMEDOUT: 2023-10-18 05:14:25.981
