START: 2023-09-20 10:14:05.094
SEEDS: 2023-09-20 10:14:12.286
RUN: 2023-10-12 16:35:23.299
REACHED: 2023-10-12 16:35:23.316870594 +0000 UTC m=+0.012639411
DONE: 2023-10-12 16:36:07.977
