START: 2023-10-08 17:00:34.727
SEEDS: 2023-10-08 17:00:42.853
RUN: 2023-10-12 15:42:18.307
REACHED: 2023-10-12 15:42:18.32562767 +0000 UTC m=+0.012538303
DONE: 2023-10-12 15:42:34.873
