START: 2023-10-06 16:45:29.031
SEEDS: 2023-10-06 16:45:38.867
RUN: 2023-10-14 03:06:33.399
REACHED: 2023-10-14 03:06:33.593650659 +0000 UTC m=+0.188937289
TIMEDOUT: 2023-10-14 03:16:33.406
