START: 2023-10-10 18:53:50.772
SEEDS: 2023-10-10 18:55:10.634
RUN: 2023-10-14 19:12:48.794
REACHED: 2023-10-14 19:12:48.817396075 +0000 UTC m=+0.017480534
TIMEDOUT: 2023-10-14 19:22:48.801
