START: 2023-10-08 20:16:56.847
SEEDS: 2023-10-08 20:17:29.316
RUN: 2023-10-15 23:34:51.092
REACHED: 2023-10-15 23:34:51.120430502 +0000 UTC m=+0.022708038
TIMEDOUT: 2023-10-15 23:44:51.099
