START: 2023-10-10 18:26:40.009
SEEDS: 2023-10-10 18:28:08.626
RUN: 2023-10-12 23:38:10.923
REACHED: 2023-10-12 23:38:10.979722394 +0000 UTC m=+0.051241532
DONE: 2023-10-12 23:42:21.932
