START: 2023-09-14 16:44:59.254
SEEDS: 2023-09-14 16:49:14.036
RUN: 2023-10-12 13:32:31.318
REACHED: 2023-10-12 13:32:31.336507358 +0000 UTC m=+0.012515546
DONE: 2023-10-12 13:33:29.069
