START: 2023-10-08 16:48:29.368
SEEDS: 2023-10-08 16:49:16.461
RUN: 2023-10-17 01:10:37.897
REACHED: 2023-10-17 01:10:37.920035106 +0000 UTC m=+0.016983684
TIMEDOUT: 2023-10-17 01:20:37.904
