START: 2023-10-11 15:58:22.588
SEEDS: 2023-10-11 16:05:07.687
RUN: 2023-10-13 17:21:53.699
REACHED: 2023-10-13 17:21:54.552122562 +0000 UTC m=+0.847113710
DONE: 2023-10-13 17:23:08.164
