START: 2023-09-30 15:37:50.672
SEEDS: 2023-09-30 15:37:50.680
REACHED: 2023-09-30 15:37:50.700962096 +0000 UTC m=+0.015245161
TIMEDOUT: 2023-09-30 15:47:50.687
