START: 2023-10-10 10:58:58.520
SEEDS: 2023-10-10 10:59:30.637
RUN: 2023-10-15 20:00:43.370
REACHED: 2023-10-15 20:00:43.392342241 +0000 UTC m=+0.016338584
TIMEDOUT: 2023-10-15 20:10:43.377
