START: 2023-10-10 17:07:25.407
SEEDS: 2023-10-10 17:08:39.001
RUN: 2023-10-15 01:44:16.960
REACHED: 2023-10-15 01:44:16.975655775 +0000 UTC m=+0.010073062
TIMEDOUT: 2023-10-15 01:54:16.967
