START: 2023-10-08 16:44:28.419
SEEDS: 2023-10-08 16:44:37.649
RUN: 2023-10-14 00:33:49.339
REACHED: 2023-10-14 00:33:50.051439713 +0000 UTC m=+0.706944626
DONE: 2023-10-14 00:36:04.147
