START: 2023-10-09 13:07:20.696
SEEDS: 2023-10-09 13:07:43.007
RUN: 2023-10-15 13:31:55.324
REACHED: 2023-10-15 13:31:55.347543722 +0000 UTC m=+0.017432807
TIMEDOUT: 2023-10-15 13:41:55.331
