START: 2023-10-08 16:53:34.062
SEEDS: 2023-10-08 16:53:41.708
RUN: 2023-10-17 03:40:38.174
REACHED: 2023-10-17 03:40:38.198100005 +0000 UTC m=+0.018401263
DONE: 2023-10-17 03:49:08.077
