START: 2023-09-29 15:11:38.402
REACHED: 2023-09-29 15:11:38.883096488 +0000 UTC m=+0.475765697
DONE: 2023-09-29 15:18:04.632
