START: 2023-10-09 12:48:45.095
SEEDS: 2023-10-09 12:49:02.110
RUN: 2023-10-13 06:21:02.378
REACHED: 2023-10-13 06:21:02.585037517 +0000 UTC m=+0.201923837
TIMEDOUT: 2023-10-13 06:31:02.384
