START: 2023-10-09 10:48:03.744
SEEDS: 2023-10-09 11:02:39.333
RUN: 2023-10-09 11:02:39.335
REACHED: 2023-10-09 11:02:39.355014483 +0000 UTC m=+0.014726560
TIMEDOUT: 2023-10-09 11:12:39.341
