START: 2023-09-27 13:59:38.831
SEEDS: 2023-09-27 14:02:20.687
RUN: 2023-10-12 20:49:37.740
REACHED: 2023-10-12 20:49:37.757799271 +0000 UTC m=+0.012608506
DONE: 2023-10-12 20:50:44.152
