START: 2023-10-10 17:06:10.200
SEEDS: 2023-10-10 17:06:10.209
RUN: 2023-10-10 17:06:10.210
REACHED: 2023-10-10 17:06:10.228442819 +0000 UTC m=+0.012558412
DONE: 2023-10-10 17:06:48.822
