START: 2023-10-04 18:28:49.471
SEEDS: 2023-10-04 18:29:30.755
RUN: 2023-10-14 11:31:33.218
REACHED: 2023-10-14 11:31:33.458656481 +0000 UTC m=+0.235305268
DONE: 2023-10-14 11:31:39.905
