START: 2023-10-05 14:04:44.100
SEEDS: 2023-10-05 14:07:32.331
RUN: 2023-10-14 15:26:11.775
REACHED: 2023-10-14 15:26:12.083555309 +0000 UTC m=+0.303008096
DONE: 2023-10-14 15:32:08.541
