START: 2023-10-09 13:07:43.017
SEEDS: 2023-10-09 13:09:28.999
RUN: 2023-10-15 13:41:55.343
REACHED: 2023-10-15 13:41:55.363731344 +0000 UTC m=+0.015253860
TIMEDOUT: 2023-10-15 13:51:55.350
