START: 2023-10-06 17:14:24.544
SEEDS: 2023-10-06 17:14:50.408
RUN: 2023-10-14 05:52:50.405
REACHED: 2023-10-14 05:52:50.77115242 +0000 UTC m=+0.360393344
TIMEDOUT: 2023-10-14 06:02:50.412
