START: 2023-10-09 12:52:04.197
SEEDS: 2023-10-09 12:52:44.114
RUN: 2023-10-13 06:59:35.207
REACHED: 2023-10-13 06:59:35.533346073 +0000 UTC m=+0.320828718
DONE: 2023-10-13 06:59:37.371
