START: 2023-09-25 12:32:41.487
SEEDS: 2023-09-25 12:32:54.825
RUN: 2023-10-12 16:25:18.261
REACHED: 2023-10-12 16:25:18.278914872 +0000 UTC m=+0.012484423
DONE: 2023-10-12 16:25:18.323
