START: 2023-10-13 08:42:33.238
SEEDS: 2023-10-13 08:44:46.470
RUN: 2023-10-13 14:02:07.265
REACHED: 2023-10-13 14:02:07.282787084 +0000 UTC m=+0.012354162
DONE: 2023-10-13 14:02:12.818
