START: 2023-10-06 17:22:01.543
SEEDS: 2023-10-06 17:22:14.953
RUN: 2023-10-17 17:00:35.150
REACHED: 2023-10-17 17:00:35.169842616 +0000 UTC m=+0.013736749
TIMEDOUT: 2023-10-17 17:10:35.157
