START: 2023-10-08 19:43:37.336
SEEDS: 2023-10-08 19:44:17.335
RUN: 2023-10-12 14:16:02.365
REACHED: 2023-10-12 14:16:02.383063093 +0000 UTC m=+0.012596057
DONE: 2023-10-12 14:16:02.428
