START: 2023-10-05 14:54:31.428
SEEDS: 2023-10-05 14:57:17.704
RUN: 2023-10-18 08:39:28.791
REACHED: 2023-10-18 08:39:28.814591832 +0000 UTC m=+0.017523101
TIMEDOUT: 2023-10-18 08:49:28.798
