START: 2023-10-06 17:30:55.065
SEEDS: 2023-10-06 17:31:03.682
RUN: 2023-10-14 02:32:22.839
REACHED: 2023-10-14 02:32:22.922384052 +0000 UTC m=+0.077517217
DONE: 2023-10-14 02:32:23.129
