START: 2023-10-04 19:33:03.172
SEEDS: 2023-10-04 19:33:53.984
RUN: 2023-10-18 03:14:25.775
REACHED: 2023-10-18 03:14:25.796189059 +0000 UTC m=+0.015367304
TIMEDOUT: 2023-10-18 03:24:25.782
