START: 2023-09-25 11:56:26.446
SEEDS: 2023-09-25 11:56:33.063
REACHED: 2023-09-25 11:56:33.081514607 +0000 UTC m=+0.012537932
DONE: 2023-09-25 11:57:15.719
