START: 2023-10-09 09:16:04.005
SEEDS: 2023-10-09 09:30:39.767
RUN: 2023-10-09 09:30:39.769
REACHED: 2023-10-09 09:30:39.784814632 +0000 UTC m=+0.010411113
TIMEDOUT: 2023-10-09 09:40:39.775
