START: 2023-09-25 14:42:37.094
SEEDS: 2023-09-25 14:42:51.518
RUN: 2023-10-12 16:12:21.911
REACHED: 2023-10-12 16:12:21.929608229 +0000 UTC m=+0.012611696
DONE: 2023-10-12 16:12:48.934
