START: 2023-10-08 19:06:42.302
SEEDS: 2023-10-08 19:07:03.505
RUN: 2023-10-16 02:04:51.369
REACHED: 2023-10-16 02:04:51.390249476 +0000 UTC m=+0.015506937
TIMEDOUT: 2023-10-16 02:14:51.376
