START: 2023-10-05 12:03:03.404
SEEDS: 2023-10-05 12:03:44.954
RUN: 2023-10-14 15:52:46.627
REACHED: 2023-10-14 15:52:46.678164069 +0000 UTC m=+0.045367462
DONE: 2023-10-14 15:54:46.288
