START: 2023-10-08 20:16:24.901
SEEDS: 2023-10-08 20:16:56.839
RUN: 2023-10-15 22:54:51.019
REACHED: 2023-10-15 22:54:51.042868013 +0000 UTC m=+0.017978848
TIMEDOUT: 2023-10-15 23:04:51.026
