START: 2023-10-09 13:49:03.400
SEEDS: 2023-10-09 13:49:57.745
RUN: 2023-10-12 13:45:14.913
REACHED: 2023-10-12 13:45:14.932819052 +0000 UTC m=+0.013721743
DONE: 2023-10-12 13:45:39.302
