START: 2023-10-11 16:59:45.875
SEEDS: 2023-10-11 17:00:36.454
RUN: 2023-10-13 18:02:35.150
REACHED: 2023-10-13 18:02:35.48264061 +0000 UTC m=+0.326707887
DONE: 2023-10-13 18:02:36.252
