START: 2023-10-10 16:36:12.089
SEEDS: 2023-10-10 16:36:48.853
RUN: 2023-10-12 13:24:17.447
REACHED: 2023-10-12 13:24:17.464827072 +0000 UTC m=+0.012437193
DONE: 2023-10-12 13:24:18.669
