START: 2023-09-27 14:18:30.610
SEEDS: 2023-09-27 14:21:12.961
RUN: 2023-10-12 20:50:44.181
REACHED: 2023-10-12 20:50:44.199210252 +0000 UTC m=+0.012438645
DONE: 2023-10-12 20:50:44.247
