START: 2023-10-05 09:51:24.479
SEEDS: 2023-10-05 09:54:08.868
RUN: 2023-10-14 09:46:04.120
REACHED: 2023-10-14 09:46:04.51887291 +0000 UTC m=+0.393679377
DONE: 2023-10-14 09:46:05.651
