START: 2023-10-07 04:17:59.985
SEEDS: 2023-10-07 04:23:20.721
RUN: 2023-10-13 03:01:31.647
REACHED: 2023-10-13 03:01:31.865437986 +0000 UTC m=+0.213090748
DONE: 2023-10-13 03:01:46.079
