START: 2023-10-10 10:41:58.784
SEEDS: 2023-10-10 10:42:38.952
RUN: 2023-10-13 09:31:38.380
REACHED: 2023-10-13 09:31:38.686889566 +0000 UTC m=+0.301199011
TIMEDOUT: 2023-10-13 09:41:38.387
