START: 2023-10-07 22:57:04.481
SEEDS: 2023-10-08 00:10:49.218
RUN: 2023-10-08 00:10:49.219
REACHED: 2023-10-08 00:10:49.742543189 +0000 UTC m=+0.517950197
DONE: 2023-10-08 00:11:04.248
