START: 2023-09-29 13:33:21.843
SEEDS: 2023-09-29 13:33:51.236
RUN: 2023-10-12 22:13:36.883
REACHED: 2023-10-12 22:13:36.901011171 +0000 UTC m=+0.012595612
DONE: 2023-10-12 22:13:43.507
