START: 2023-10-04 17:16:52.645
SEEDS: 2023-10-04 17:19:05.972
RUN: 2023-10-18 17:15:44.144
REACHED: 2023-10-18 17:15:44.164699934 +0000 UTC m=+0.015187818
TIMEDOUT: 2023-10-18 17:25:44.151
