START: 2023-09-26 18:37:11.232
SEEDS: 2023-09-26 18:37:42.622
RUN: 2023-10-12 21:09:32.445
REACHED: 2023-10-12 21:09:32.462718031 +0000 UTC m=+0.012497973
DONE: 2023-10-12 21:09:55.288
