START: 2023-10-10 17:06:31.199
SEEDS: 2023-10-10 17:06:54.593
RUN: 2023-10-15 01:24:16.921
REACHED: 2023-10-15 01:24:16.947596634 +0000 UTC m=+0.021321098
TIMEDOUT: 2023-10-15 01:34:16.927
