START: 2023-10-13 09:16:07.844
SEEDS: 2023-10-13 09:18:19.579
RUN: 2023-10-13 14:09:04.674
REACHED: 2023-10-13 14:09:04.693684928 +0000 UTC m=+0.013771081
DONE: 2023-10-13 14:09:43.025
