START: 2023-10-10 16:45:50.239
SEEDS: 2023-10-10 16:46:11.524
RUN: 2023-10-13 01:24:19.942
REACHED: 2023-10-13 01:24:20.063570681 +0000 UTC m=+0.116181558
DONE: 2023-10-13 01:24:21.853
