START: 2023-10-07 05:38:14.264
SEEDS: 2023-10-07 05:59:22.029
RUN: 2023-10-15 03:44:17.184
REACHED: 2023-10-15 03:44:17.210707072 +0000 UTC m=+0.021061309
TIMEDOUT: 2023-10-15 03:54:17.191
