START: 2023-10-04 15:57:15.063
SEEDS: 2023-10-04 16:01:15.670
RUN: 2023-10-14 17:42:47.432
REACHED: 2023-10-14 17:42:47.601848326 +0000 UTC m=+0.164716362
DONE: 2023-10-14 17:42:48.562
