START: 2023-10-08 19:09:53.714
SEEDS: 2023-10-08 19:10:50.829
RUN: 2023-10-16 02:34:51.423
REACHED: 2023-10-16 02:34:51.443876395 +0000 UTC m=+0.015177187
TIMEDOUT: 2023-10-16 02:44:51.430
