START: 2023-10-09 13:36:12.199
SEEDS: 2023-10-09 13:37:07.838
RUN: 2023-10-12 13:42:12.469
REACHED: 2023-10-12 13:42:12.487556113 +0000 UTC m=+0.012519819
DONE: 2023-10-12 13:43:18.938
