START: 2023-10-08 16:52:16.209
SEEDS: 2023-10-08 16:52:23.298
RUN: 2023-10-17 03:00:38.100
REACHED: 2023-10-17 03:00:38.121123214 +0000 UTC m=+0.015223535
TIMEDOUT: 2023-10-17 03:10:38.107
