START: 2023-09-28 14:34:09.941
SEEDS: 2023-09-28 15:58:03.939
REACHED: 2023-09-28 15:58:03.957146083 +0000 UTC m=+0.012530453
DONE: 2023-09-28 15:58:22.165
