START: 2023-10-05 11:56:22.185
SEEDS: 2023-10-05 11:56:57.450
RUN: 2023-10-14 15:40:16.623
REACHED: 2023-10-14 15:40:16.815224923 +0000 UTC m=+0.186312491
DONE: 2023-10-14 15:40:29.025
