START: 2023-10-04 16:42:41.405
SEEDS: 2023-10-04 16:43:34.522
RUN: 2023-10-14 18:11:10.042
REACHED: 2023-10-14 18:11:10.123628358 +0000 UTC m=+0.075944192
DONE: 2023-10-14 18:11:11.153
