START: 2023-10-04 16:33:29.348
SEEDS: 2023-10-04 16:37:40.142
RUN: 2023-10-14 18:10:48.438
REACHED: 2023-10-14 18:10:48.723919502 +0000 UTC m=+0.280577280
DONE: 2023-10-14 18:10:48.900
