START: 2023-10-10 18:50:24.971
SEEDS: 2023-10-10 18:50:24.980
RUN: 2023-10-10 18:50:24.981
REACHED: 2023-10-10 18:50:24.996368315 +0000 UTC m=+0.009629879
TIMEDOUT: 2023-10-10 19:00:24.988
