START: 2023-09-26 18:39:10.745
SEEDS: 2023-09-26 18:39:42.955
RUN: 2023-10-12 21:11:16.366
REACHED: 2023-10-12 21:11:16.384400227 +0000 UTC m=+0.012563063
DONE: 2023-10-12 21:11:52.557
