START: 2023-10-10 18:20:37.690
SEEDS: 2023-10-10 18:21:58.226
RUN: 2023-10-13 00:16:27.127
REACHED: 2023-10-13 00:16:27.160817151 +0000 UTC m=+0.028477521
TIMEDOUT: 2023-10-13 00:26:27.133
