START: 2023-10-05 15:42:18.047
SEEDS: 2023-10-05 15:42:18.056
RUN: 2023-10-05 15:42:18.057
REACHED: 2023-10-05 15:42:18.072902317 +0000 UTC m=+0.009896146
TIMEDOUT: 2023-10-05 15:52:18.064
