START: 2023-10-08 19:57:04.171
SEEDS: 2023-10-08 19:57:44.097
RUN: 2023-10-13 12:08:31.112
REACHED: 2023-10-13 12:08:31.304825093 +0000 UTC m=+0.187899899
TIMEDOUT: 2023-10-13 12:18:31.118
