START: 2023-10-04 18:26:01.298
SEEDS: 2023-10-04 18:28:49.463
RUN: 2023-10-14 11:26:18.153
REACHED: 2023-10-14 11:26:18.388631537 +0000 UTC m=+0.229966592
DONE: 2023-10-14 11:31:33.210
