START: 2023-10-08 20:18:34.293
SEEDS: 2023-10-08 20:19:06.394
RUN: 2023-10-16 01:34:51.314
REACHED: 2023-10-16 01:34:51.338207372 +0000 UTC m=+0.018862433
TIMEDOUT: 2023-10-16 01:44:51.320
