START: 2023-10-06 17:36:46.267
SEEDS: 2023-10-06 17:36:54.206
RUN: 2023-10-17 08:58:53.514
REACHED: 2023-10-17 08:58:53.533188625 +0000 UTC m=+0.013755707
TIMEDOUT: 2023-10-17 09:08:53.520
