START: 2023-10-04 19:24:26.086
SEEDS: 2023-10-04 19:25:01.547
RUN: 2023-10-14 12:58:49.483
REACHED: 2023-10-14 12:58:49.592442498 +0000 UTC m=+0.103515513
DONE: 2023-10-14 13:00:39.020
