START: 2023-10-10 16:32:25.935
SEEDS: 2023-10-10 16:33:05.109
RUN: 2023-10-12 13:21:51.828
REACHED: 2023-10-12 13:21:51.846624138 +0000 UTC m=+0.012514062
DONE: 2023-10-12 13:21:52.522
