START: 2023-10-06 17:04:51.599
SEEDS: 2023-10-06 17:04:59.883
RUN: 2023-10-17 09:08:53.532
REACHED: 2023-10-17 09:08:53.559126271 +0000 UTC m=+0.021069270
TIMEDOUT: 2023-10-17 09:18:53.539
