START: 2023-10-08 17:06:25.649
SEEDS: 2023-10-08 17:06:44.599
RUN: 2023-10-13 22:12:26.116
REACHED: 2023-10-13 22:12:26.414090804 +0000 UTC m=+0.292192060
TIMEDOUT: 2023-10-13 22:22:26.123
