START: 2023-10-10 18:40:24.939
SEEDS: 2023-10-10 18:40:24.947
RUN: 2023-10-10 18:40:24.949
REACHED: 2023-10-10 18:40:24.964252877 +0000 UTC m=+0.009549653
TIMEDOUT: 2023-10-10 18:50:24.956
