START: 2023-10-09 14:31:41.811
SEEDS: 2023-10-09 14:32:25.250
RUN: 2023-10-15 11:40:43.286
REACHED: 2023-10-15 11:40:43.31333095 +0000 UTC m=+0.021732327
TIMEDOUT: 2023-10-15 11:50:43.293
