START: 2023-10-09 06:55:13.671
SEEDS: 2023-10-09 07:09:49.761
RUN: 2023-10-09 07:09:49.763
REACHED: 2023-10-09 07:09:49.788455305 +0000 UTC m=+0.019723940
TIMEDOUT: 2023-10-09 07:19:49.770
