START: 2023-10-10 19:18:00.695
SEEDS: 2023-10-10 19:19:20.792
RUN: 2023-10-14 22:09:38.332
REACHED: 2023-10-14 22:09:38.351794527 +0000 UTC m=+0.013716890
TIMEDOUT: 2023-10-14 22:19:38.339
