START: 2023-10-08 17:11:28.538
SEEDS: 2023-10-08 17:11:35.614
RUN: 2023-10-16 20:27:39.313
REACHED: 2023-10-16 20:27:39.336562164 +0000 UTC m=+0.018320330
TIMEDOUT: 2023-10-16 20:37:39.319
