START: 2023-10-10 19:14:00.882
SEEDS: 2023-10-10 19:15:20.649
RUN: 2023-10-14 20:12:48.904
REACHED: 2023-10-14 20:12:48.925729254 +0000 UTC m=+0.015412594
TIMEDOUT: 2023-10-14 20:22:48.911
