START: 2023-10-08 19:12:37.789
SEEDS: 2023-10-08 19:12:55.649
RUN: 2023-10-16 03:24:51.518
REACHED: 2023-10-16 03:24:51.538256379 +0000 UTC m=+0.014539515
TIMEDOUT: 2023-10-16 03:34:51.525
