START: 2023-10-08 20:01:12.262
SEEDS: 2023-10-08 20:01:52.330
RUN: 2023-10-13 11:41:59.886
REACHED: 2023-10-13 11:42:00.200575698 +0000 UTC m=+0.309126748
DONE: 2023-10-13 11:50:00.331
