START: 2023-10-10 18:07:06.896
SEEDS: 2023-10-10 18:08:36.172
RUN: 2023-10-12 23:42:58.870
REACHED: 2023-10-12 23:42:59.028854765 +0000 UTC m=+0.153674272
DONE: 2023-10-12 23:48:49.688
