START: 2023-10-08 03:09:51.917
SEEDS: 2023-10-08 04:33:53.808
RUN: 2023-10-08 04:33:53.810
REACHED: 2023-10-08 04:33:54.615929279 +0000 UTC m=+0.800932250
TIMEDOUT: 2023-10-08 04:43:53.816
