START: 2023-10-05 08:47:31.025
SEEDS: 2023-10-05 08:50:26.568
RUN: 2023-10-14 08:55:44.181
REACHED: 2023-10-14 08:55:44.338483525 +0000 UTC m=+0.152119183
TIMEDOUT: 2023-10-14 09:05:44.188
