START: 2023-10-11 14:46:28.181
SEEDS: 2023-10-11 14:47:58.868
RUN: 2023-10-12 15:07:46.855
REACHED: 2023-10-12 15:07:46.873316701 +0000 UTC m=+0.012547271
DONE: 2023-10-12 15:08:55.137
