START: 2023-10-10 13:50:55.555
RUN: 2023-10-10 13:50:55.557
REACHED: 2023-10-10 13:50:55.574639347 +0000 UTC m=+0.012441694
DONE: 2023-10-10 13:51:46.126
