START: 2023-09-27 09:47:54.577
SEEDS: 2023-09-27 09:48:13.207
RUN: 2023-10-12 16:42:40.270
REACHED: 2023-10-12 16:42:40.288764145 +0000 UTC m=+0.012679081
DONE: 2023-10-12 16:44:51.533
