START: 2023-09-27 09:46:54.048
SEEDS: 2023-09-27 09:47:05.251
RUN: 2023-10-12 16:42:19.828
REACHED: 2023-10-12 16:42:19.845778316 +0000 UTC m=+0.012442500
DONE: 2023-10-12 16:42:33.420
