START: 2023-10-09 13:18:27.003
SEEDS: 2023-10-09 13:18:50.151
RUN: 2023-10-15 15:44:18.975
REACHED: 2023-10-15 15:44:18.996998433 +0000 UTC m=+0.016174171
TIMEDOUT: 2023-10-15 15:54:18.982
