START: 2023-10-05 08:50:26.573
SEEDS: 2023-10-05 08:53:11.343
RUN: 2023-10-14 09:29:01.934
REACHED: 2023-10-14 09:29:02.017098688 +0000 UTC m=+0.077731208
DONE: 2023-10-14 09:29:02.371
