START: 2023-10-05 12:42:12.587
SEEDS: 2023-10-05 12:43:01.013
RUN: 2023-10-18 12:24:14.716
REACHED: 2023-10-18 12:24:14.738272845 +0000 UTC m=+0.016731250
TIMEDOUT: 2023-10-18 12:34:14.723
