START: 2023-10-05 15:44:34.060
SEEDS: 2023-10-05 15:47:20.799
RUN: 2023-10-18 11:32:26.602
REACHED: 2023-10-18 11:32:26.623484329 +0000 UTC m=+0.016110901
TIMEDOUT: 2023-10-18 11:42:26.609
