START: 2023-10-09 13:41:30.707
SEEDS: 2023-10-09 13:42:09.245
RUN: 2023-10-12 13:41:56.380
REACHED: 2023-10-12 13:41:56.402303687 +0000 UTC m=+0.017122984
DONE: 2023-10-12 13:42:04.702
