START: 2023-09-14 09:55:45.880
REACHED: 2023-09-14 09:55:45.896479608 +0000 UTC m=+0.012406230
DONE: 2023-09-14 09:56:00.067
