START: 2023-10-08 19:18:54.011
SEEDS: 2023-10-08 19:19:12.326
RUN: 2023-10-16 05:24:51.748
REACHED: 2023-10-16 05:24:51.767282003 +0000 UTC m=+0.013790749
TIMEDOUT: 2023-10-16 05:34:51.754
