START: 2023-10-04 17:39:55.438
SEEDS: 2023-10-04 17:42:10.956
RUN: 2023-10-18 18:50:10.844
REACHED: 2023-10-18 18:50:10.868836525 +0000 UTC m=+0.018905930
TIMEDOUT: 2023-10-18 19:00:10.851
