START: 2023-10-09 12:30:49.362
SEEDS: 2023-10-09 12:31:04.008
RUN: 2023-10-12 13:50:23.797
REACHED: 2023-10-12 13:50:23.814791804 +0000 UTC m=+0.012394964
DONE: 2023-10-12 13:51:16.273
