START: 2023-10-08 18:46:47.069
SEEDS: 2023-10-08 18:47:14.342
RUN: 2023-10-12 14:25:14.204
REACHED: 2023-10-12 14:25:14.222667246 +0000 UTC m=+0.012530102
DONE: 2023-10-12 14:25:18.527
