START: 2023-10-11 16:05:07.698
SEEDS: 2023-10-11 16:07:16.443
RUN: 2023-10-13 17:23:08.172
REACHED: 2023-10-13 17:23:08.43967379 +0000 UTC m=+0.262410153
DONE: 2023-10-13 17:26:33.289
