START: 2023-10-08 19:40:05.610
SEEDS: 2023-10-08 19:40:45.809
RUN: 2023-10-12 14:16:43.755
REACHED: 2023-10-12 14:16:43.773561593 +0000 UTC m=+0.012497427
DONE: 2023-10-12 14:17:20.937
