START: 2023-10-10 18:38:33.087
SEEDS: 2023-10-10 18:40:01.524
RUN: 2023-10-12 23:48:55.755
REACHED: 2023-10-12 23:48:55.928402233 +0000 UTC m=+0.167552059
DONE: 2023-10-12 23:52:24.453
