START: 2023-10-08 17:09:09.704
SEEDS: 2023-10-08 17:09:24.082
RUN: 2023-10-16 19:27:39.203
REACHED: 2023-10-16 19:27:39.220991631 +0000 UTC m=+0.012567520
TIMEDOUT: 2023-10-16 19:37:39.209
