START: 2023-10-05 08:58:41.800
SEEDS: 2023-10-05 09:01:27.505
RUN: 2023-10-14 10:06:11.159
REACHED: 2023-10-14 10:06:11.30357141 +0000 UTC m=+0.138601055
TIMEDOUT: 2023-10-14 10:16:11.166
