START: 2023-10-11 14:35:25.549
SEEDS: 2023-10-11 14:37:33.989
RUN: 2023-10-12 15:06:55.184
REACHED: 2023-10-12 15:06:55.202575168 +0000 UTC m=+0.012424998
DONE: 2023-10-12 15:07:16.600
