START: 2023-10-11 19:14:16.799
SEEDS: 2023-10-11 19:15:35.036
RUN: 2023-10-12 15:01:36.511
REACHED: 2023-10-12 15:01:36.529188614 +0000 UTC m=+0.012572280
DONE: 2023-10-12 15:01:39.270
