START: 2023-10-10 10:32:36.240
SEEDS: 2023-10-10 10:33:16.334
RUN: 2023-10-12 14:08:01.617
REACHED: 2023-10-12 14:08:01.635665862 +0000 UTC m=+0.012601961
DONE: 2023-10-12 14:08:07.894
