START: 2023-10-05 17:37:07.095
SEEDS: 2023-10-05 17:37:07.103
RUN: 2023-10-05 17:37:07.105
REACHED: 2023-10-05 17:37:07.119880939 +0000 UTC m=+0.009428582
TIMEDOUT: 2023-10-05 17:47:07.111
