START: 2023-10-08 16:45:36.187
SEEDS: 2023-10-08 16:45:49.876
RUN: 2023-10-17 00:03:02.334
REACHED: 2023-10-17 00:03:02.359209111 +0000 UTC m=+0.018130236
TIMEDOUT: 2023-10-17 00:13:02.342
