START: 2023-10-06 16:46:28.540
SEEDS: 2023-10-06 16:46:42.098
RUN: 2023-10-14 03:45:03.060
REACHED: 2023-10-14 03:45:03.086633254 +0000 UTC m=+0.021558793
DONE: 2023-10-14 03:48:56.340
