START: 2023-10-04 17:24:02.693
SEEDS: 2023-10-04 17:26:45.910
RUN: 2023-10-18 17:45:44.200
REACHED: 2023-10-18 17:45:44.225167621 +0000 UTC m=+0.020028203
DONE: 2023-10-18 17:55:37.392
