START: 2023-10-08 20:07:08.345
SEEDS: 2023-10-08 20:07:40.528
RUN: 2023-10-16 01:04:51.258
REACHED: 2023-10-16 01:04:51.28084022 +0000 UTC m=+0.016919390
TIMEDOUT: 2023-10-16 01:14:51.265
