START: 2023-10-09 14:14:20.058
SEEDS: 2023-10-09 14:15:13.482
RUN: 2023-10-13 04:38:48.584
REACHED: 2023-10-13 04:38:48.890603947 +0000 UTC m=+0.300717356
TIMEDOUT: 2023-10-13 04:48:48.591
