START: 2023-10-06 17:29:32.856
SEEDS: 2023-10-06 17:29:42.363
RUN: 2023-10-14 01:40:00.181
REACHED: 2023-10-14 01:40:00.242708936 +0000 UTC m=+0.055665412
DONE: 2023-10-14 01:40:03.208
