START: 2023-10-09 12:38:53.924
SEEDS: 2023-10-09 12:39:12.249
RUN: 2023-10-12 13:57:00.774
REACHED: 2023-10-12 13:57:00.792073872 +0000 UTC m=+0.012669925
DONE: 2023-10-12 13:57:17.472
