START: 2023-10-08 16:44:46.204
SEEDS: 2023-10-08 16:45:36.179
RUN: 2023-10-14 00:36:51.775
REACHED: 2023-10-14 00:36:52.335506732 +0000 UTC m=+0.554632108
DONE: 2023-10-14 00:38:52.526
