START: 2023-10-06 17:07:54.529
SEEDS: 2023-10-06 17:08:02.777
RUN: 2023-10-17 12:23:06.751
REACHED: 2023-10-17 12:23:06.770536742 +0000 UTC m=+0.013945977
TIMEDOUT: 2023-10-17 12:33:06.758
