START: 2023-10-11 16:17:13.129
SEEDS: 2023-10-11 16:19:23.314
RUN: 2023-10-13 17:30:17.091
REACHED: 2023-10-13 17:30:17.540402092 +0000 UTC m=+0.443734521
DONE: 2023-10-13 17:36:58.315
