START: 2023-10-09 13:13:19.401
SEEDS: 2023-10-09 13:13:37.616
RUN: 2023-10-15 14:24:18.824
REACHED: 2023-10-15 14:24:18.845406956 +0000 UTC m=+0.015931998
TIMEDOUT: 2023-10-15 14:34:18.830
