START: 2023-10-06 17:13:08.316
SEEDS: 2023-10-06 17:13:16.661
RUN: 2023-10-14 05:10:58.828
REACHED: 2023-10-14 05:10:58.9857898 +0000 UTC m=+0.152695276
DONE: 2023-10-14 05:11:01.241
