START: 2023-10-09 13:23:24.098
SEEDS: 2023-10-09 13:23:38.739
RUN: 2023-10-15 16:35:22.689
REACHED: 2023-10-15 16:35:22.708770058 +0000 UTC m=+0.014180108
TIMEDOUT: 2023-10-15 16:45:22.695
