START: 2023-10-08 17:12:51.603
SEEDS: 2023-10-08 17:13:04.000
RUN: 2023-10-16 21:57:39.476
REACHED: 2023-10-16 21:57:39.50124124 +0000 UTC m=+0.019097916
TIMEDOUT: 2023-10-16 22:07:39.483
