START: 2023-10-06 17:15:59.120
SEEDS: 2023-10-06 17:16:07.887
RUN: 2023-10-14 06:27:21.076
REACHED: 2023-10-14 06:27:21.119491225 +0000 UTC m=+0.038072455
DONE: 2023-10-14 06:29:26.629
