START: 2023-09-27 22:55:18.423
SEEDS: 2023-09-28 00:20:51.126
REACHED: 2023-09-28 00:20:51.144186736 +0000 UTC m=+0.012588389
DONE: 2023-09-28 00:21:58.432
