START: 2023-10-13 10:14:45.352
SEEDS: 2023-10-13 10:16:55.866
RUN: 2023-10-14 07:27:31.308
REACHED: 2023-10-14 07:27:31.448823749 +0000 UTC m=+0.135718165
TIMEDOUT: 2023-10-14 07:37:31.314
