START: 2023-09-25 11:59:26.550
SEEDS: 2023-09-25 11:59:32.755
REACHED: 2023-09-25 11:59:32.773600297 +0000 UTC m=+0.012564394
DONE: 2023-09-25 11:59:37.621
