START: 2023-10-07 11:14:35.911
SEEDS: 2023-10-07 12:39:29.237
RUN: 2023-10-07 12:39:29.239
REACHED: 2023-10-07 12:39:29.570563967 +0000 UTC m=+0.326138541
DONE: 2023-10-07 12:48:56.988
