START: 2023-10-10 11:06:43.182
SEEDS: 2023-10-10 11:07:15.679
RUN: 2023-10-15 20:54:50.799
REACHED: 2023-10-15 20:54:50.821411662 +0000 UTC m=+0.016187851
TIMEDOUT: 2023-10-15 21:04:50.806
