START: 2023-10-04 19:54:48.776
SEEDS: 2023-10-04 19:58:17.808
RUN: 2023-10-18 05:24:26.012
REACHED: 2023-10-18 05:24:26.036631987 +0000 UTC m=+0.019023500
TIMEDOUT: 2023-10-18 05:34:26.019
