START: 2023-10-06 17:03:13.950
SEEDS: 2023-10-06 17:03:24.063
RUN: 2023-10-14 04:23:37.971
REACHED: 2023-10-14 04:23:38.235369353 +0000 UTC m=+0.258942425
DONE: 2023-10-14 04:25:16.452
