START: 2023-10-08 16:53:58.135
SEEDS: 2023-10-08 16:54:05.998
RUN: 2023-10-17 04:09:08.125
REACHED: 2023-10-17 04:09:08.146577768 +0000 UTC m=+0.015786993
TIMEDOUT: 2023-10-17 04:19:08.132
