START: 2023-10-06 17:05:09.906
SEEDS: 2023-10-06 17:05:18.007
RUN: 2023-10-17 09:28:53.569
REACHED: 2023-10-17 09:28:53.591495475 +0000 UTC m=+0.016452166
TIMEDOUT: 2023-10-17 09:38:53.576
