START: 2023-10-06 17:20:31.525
SEEDS: 2023-10-06 17:20:57.056
RUN: 2023-10-17 16:09:06.934
REACHED: 2023-10-17 16:09:06.955985374 +0000 UTC m=+0.016375447
DONE: 2023-10-17 16:17:47.166
