START: 2023-10-08 18:43:28.382
SEEDS: 2023-10-08 18:43:53.687
RUN: 2023-10-12 14:22:24.113
REACHED: 2023-10-12 14:22:24.131642764 +0000 UTC m=+0.012588711
DONE: 2023-10-12 14:22:41.420
