START: 2023-10-05 14:07:52.350
RUN: 2023-10-05 14:07:52.351
REACHED: 2023-10-05 14:07:52.389185021 +0000 UTC m=+0.032270726
TIMEDOUT: 2023-10-05 14:17:52.358
