START: 2023-10-06 17:16:40.391
SEEDS: 2023-10-06 17:20:08.618
RUN: 2023-10-13 20:08:35.482
REACHED: 2023-10-13 20:08:35.597266775 +0000 UTC m=+0.109429789
DONE: 2023-10-13 20:08:37.285
