START: 2023-10-07 01:52:06.631
SEEDS: 2023-10-07 01:57:07.944
RUN: 2023-10-13 02:12:37.712
REACHED: 2023-10-13 02:12:37.933512937 +0000 UTC m=+0.215940316
DONE: 2023-10-13 02:12:59.573
