START: 2023-10-09 13:53:16.717
SEEDS: 2023-10-09 13:54:10.408
RUN: 2023-10-13 03:59:18.735
REACHED: 2023-10-13 03:59:18.802819294 +0000 UTC m=+0.062839048
DONE: 2023-10-13 03:59:32.179
