START: 2023-10-06 17:13:52.999
SEEDS: 2023-10-06 17:14:01.374
RUN: 2023-10-14 05:22:50.362
REACHED: 2023-10-14 05:22:52.193822767 +0000 UTC m=+1.826044656
TIMEDOUT: 2023-10-14 05:32:50.369
