START: 2023-10-06 20:47:21.226
SEEDS: 2023-10-06 20:49:59.687
RUN: 2023-10-16 16:45:59.804
REACHED: 2023-10-16 16:45:59.827982895 +0000 UTC m=+0.018443554
DONE: 2023-10-16 16:54:38.091
