START: 2023-10-08 16:40:42.566
SEEDS: 2023-10-08 16:40:51.227
RUN: 2023-10-13 23:52:22.879
REACHED: 2023-10-13 23:52:22.968098238 +0000 UTC m=+0.083901505
DONE: 2023-10-13 23:53:00.929
