START: 2023-10-08 16:43:10.400
SEEDS: 2023-10-08 16:43:19.751
RUN: 2023-10-14 00:32:34.262
REACHED: 2023-10-14 00:32:34.394513907 +0000 UTC m=+0.126638744
DONE: 2023-10-14 00:33:25.656
