START: 2023-10-11 21:34:37.731
SEEDS: 2023-10-11 21:36:25.337
RUN: 2023-10-16 08:14:52.060
REACHED: 2023-10-16 08:14:52.084682737 +0000 UTC m=+0.018796955
TIMEDOUT: 2023-10-16 08:24:52.067
