START: 2023-10-09 14:32:25.258
SEEDS: 2023-10-09 14:33:08.372
RUN: 2023-10-15 12:20:43.359
REACHED: 2023-10-15 12:20:43.379947688 +0000 UTC m=+0.014696427
TIMEDOUT: 2023-10-15 12:30:43.366
