START: 2023-10-08 16:51:14.650
SEEDS: 2023-10-08 16:51:26.030
RUN: 2023-10-17 02:40:38.063
REACHED: 2023-10-17 02:40:38.09386234 +0000 UTC m=+0.025209144
TIMEDOUT: 2023-10-17 02:50:38.070
