START: 2023-10-08 16:36:22.168
SEEDS: 2023-10-08 16:37:09.830
RUN: 2023-10-13 23:07:37.337
REACHED: 2023-10-13 23:07:37.994104251 +0000 UTC m=+0.651316636
DONE: 2023-10-13 23:13:41.911
