START: 2023-10-10 18:37:19.725
SEEDS: 2023-10-10 18:38:33.078
RUN: 2023-10-12 23:42:21.940
REACHED: 2023-10-12 23:42:22.192286794 +0000 UTC m=+0.246831388
DONE: 2023-10-12 23:42:58.862
