START: 2023-10-10 13:56:33.437
RUN: 2023-10-10 13:56:33.439
REACHED: 2023-10-10 13:56:33.458260081 +0000 UTC m=+0.013674492
DONE: 2023-10-10 13:56:55.742
