START: 2023-10-08 17:10:27.247
SEEDS: 2023-10-08 17:10:34.455
RUN: 2023-10-16 20:17:39.294
REACHED: 2023-10-16 20:17:39.315335632 +0000 UTC m=+0.015213140
TIMEDOUT: 2023-10-16 20:27:39.301
