START: 2023-09-29 10:17:02.695
SEEDS: 2023-09-29 10:21:30.723
RUN: 2023-10-12 21:29:23.071
REACHED: 2023-10-12 21:29:23.089265162 +0000 UTC m=+0.012644866
DONE: 2023-10-12 21:30:27.483
