START: 2023-10-10 10:33:50.445
SEEDS: 2023-10-10 10:34:42.350
RUN: 2023-10-13 07:35:17.003
REACHED: 2023-10-13 07:35:17.995658825 +0000 UTC m=+0.987752167
TIMEDOUT: 2023-10-13 07:45:17.009
