START: 2023-10-06 17:33:22.690
SEEDS: 2023-10-06 17:33:30.105
RUN: 2023-10-17 05:19:08.255
REACHED: 2023-10-17 05:19:08.274984716 +0000 UTC m=+0.014595594
TIMEDOUT: 2023-10-17 05:29:08.261
