START: 2023-09-26 18:31:35.367
SEEDS: 2023-09-26 18:37:11.225
RUN: 2023-10-12 21:09:32.378
REACHED: 2023-10-12 21:09:32.39610216 +0000 UTC m=+0.012480249
DONE: 2023-10-12 21:09:32.439
