START: 2023-09-29 13:09:30.105
SEEDS: 2023-09-29 13:16:06.325
RUN: 2023-10-12 22:07:50.119
REACHED: 2023-10-12 22:07:50.137397638 +0000 UTC m=+0.012578839
DONE: 2023-10-12 22:08:08.575
