START: 2023-10-08 17:04:14.434
SEEDS: 2023-10-08 17:04:33.179
RUN: 2023-10-13 21:43:36.801
REACHED: 2023-10-13 21:43:36.882973676 +0000 UTC m=+0.076238805
DONE: 2023-10-13 21:43:44.843
