START: 2023-10-10 16:22:45.116
RUN: 2023-10-10 16:22:45.118
REACHED: 2023-10-10 16:22:45.136632913 +0000 UTC m=+0.013152762
TIMEDOUT: 2023-10-10 16:32:45.125
