START: 2023-10-08 19:03:48.221
SEEDS: 2023-10-08 19:04:09.492
RUN: 2023-10-16 01:44:51.332
REACHED: 2023-10-16 01:44:51.359150271 +0000 UTC m=+0.021211171
TIMEDOUT: 2023-10-16 01:54:51.339
