START: 2023-10-06 17:03:51.194
SEEDS: 2023-10-06 17:04:10.558
RUN: 2023-10-14 04:26:39.681
REACHED: 2023-10-14 04:26:39.726706854 +0000 UTC m=+0.040490463
DONE: 2023-10-14 04:30:50.815
