START: 2023-10-11 17:00:36.465
SEEDS: 2023-10-11 17:02:07.489
RUN: 2023-10-13 18:02:36.258
REACHED: 2023-10-13 18:02:36.659165588 +0000 UTC m=+0.395197905
DONE: 2023-10-13 18:02:57.055
