START: 2023-09-27 14:21:12.966
SEEDS: 2023-09-27 14:23:55.885
RUN: 2023-10-12 20:52:12.493
REACHED: 2023-10-12 20:52:12.510975335 +0000 UTC m=+0.012601073
DONE: 2023-10-12 20:52:49.316
