START: 2023-09-14 10:00:55.445
REACHED: 2023-09-14 10:00:55.465942039 +0000 UTC m=+0.016802498
DONE: 2023-09-14 10:02:31.070
