START: 2023-10-06 21:53:29.956
SEEDS: 2023-10-06 21:56:07.609
RUN: 2023-10-16 17:16:40.564
REACHED: 2023-10-16 17:16:40.584319185 +0000 UTC m=+0.014426681
TIMEDOUT: 2023-10-16 17:26:40.571
