START: 2023-10-06 16:08:18.537
SEEDS: 2023-10-06 16:09:02.777
RUN: 2023-10-13 19:09:29.199
REACHED: 2023-10-13 19:09:29.331260841 +0000 UTC m=+0.127147293
TIMEDOUT: 2023-10-13 19:19:29.205
