START: 2023-09-26 18:01:25.929
SEEDS: 2023-09-26 18:01:53.398
RUN: 2023-10-12 21:01:43.627
REACHED: 2023-10-12 21:01:43.644702176 +0000 UTC m=+0.012423776
DONE: 2023-10-12 21:01:57.320
