START: 2023-09-27 14:32:01.805
SEEDS: 2023-09-27 14:34:42.429
RUN: 2023-10-12 20:46:35.247
REACHED: 2023-10-12 20:46:35.265141481 +0000 UTC m=+0.012503769
DONE: 2023-10-12 20:47:06.065
