START: 2023-10-06 17:06:26.225
SEEDS: 2023-10-06 17:06:41.900
RUN: 2023-10-17 10:58:53.733
REACHED: 2023-10-17 10:58:53.752855452 +0000 UTC m=+0.013868682
TIMEDOUT: 2023-10-17 11:08:53.740
