START: 2023-09-27 14:53:22.064
SEEDS: 2023-09-27 14:56:03.283
RUN: 2023-10-12 20:48:47.398
REACHED: 2023-10-12 20:48:47.416262281 +0000 UTC m=+0.012486679
DONE: 2023-10-12 20:49:37.712
