START: 2023-09-29 14:45:01.441
REACHED: 2023-09-29 14:45:02.449337205 +0000 UTC m=+1.002645839
DONE: 2023-09-29 14:46:47.093
