START: 2023-10-06 17:11:35.643
SEEDS: 2023-10-06 17:11:50.573
RUN: 2023-10-14 04:57:03.220
REACHED: 2023-10-14 04:57:03.451836185 +0000 UTC m=+0.226344864
DONE: 2023-10-14 04:59:51.853
