START: 2023-10-10 17:57:57.670
SEEDS: 2023-10-10 17:59:26.582
RUN: 2023-10-12 13:08:47.883
REACHED: 2023-10-12 13:08:47.900973617 +0000 UTC m=+0.012410810
DONE: 2023-10-12 13:09:07.157
