START: 2023-09-20 10:10:11.835
SEEDS: 2023-09-20 10:10:19.538
RUN: 2023-10-12 16:32:23.714
REACHED: 2023-10-12 16:32:23.732339079 +0000 UTC m=+0.012426744
DONE: 2023-10-12 16:33:01.031
