START: 2023-10-06 17:22:39.450
SEEDS: 2023-10-06 17:22:47.504
RUN: 2023-10-17 17:30:35.205
REACHED: 2023-10-17 17:30:35.226680476 +0000 UTC m=+0.016188544
DONE: 2023-10-17 17:35:57.779
