START: 2023-10-05 12:36:45.654
SEEDS: 2023-10-05 12:37:36.772
RUN: 2023-10-18 12:12:26.676
REACHED: 2023-10-18 12:12:26.698139808 +0000 UTC m=+0.016700059
DONE: 2023-10-18 12:14:14.688
