START: 2023-10-08 17:09:31.321
SEEDS: 2023-10-08 17:09:38.489
RUN: 2023-10-16 20:47:39.349
REACHED: 2023-10-16 20:47:39.370048615 +0000 UTC m=+0.015662399
TIMEDOUT: 2023-10-16 20:57:39.355
