START: 2023-10-11 19:50:46.695
SEEDS: 2023-10-11 19:52:44.514
RUN: 2023-10-12 14:55:20.901
REACHED: 2023-10-12 14:55:20.919608187 +0000 UTC m=+0.012720518
DONE: 2023-10-12 14:56:06.670
