START: 2023-10-09 12:50:23.019
SEEDS: 2023-10-09 12:50:53.584
RUN: 2023-10-13 06:48:47.446
REACHED: 2023-10-13 06:48:48.561054234 +0000 UTC m=+1.109686686
TIMEDOUT: 2023-10-13 06:58:47.452
