START: 2023-10-08 17:10:49.628
SEEDS: 2023-10-08 17:10:56.803
RUN: 2023-10-16 22:17:39.514
REACHED: 2023-10-16 22:17:39.534037786 +0000 UTC m=+0.014751615
TIMEDOUT: 2023-10-16 22:27:39.520
