START: 2023-10-07 06:59:59.115
SEEDS: 2023-10-07 07:04:07.105
RUN: 2023-10-15 04:24:17.257
REACHED: 2023-10-15 04:24:17.28488176 +0000 UTC m=+0.021817603
TIMEDOUT: 2023-10-15 04:34:17.264
