START: 2023-10-11 15:21:46.782
SEEDS: 2023-10-11 15:24:02.826
RUN: 2023-10-12 15:17:17.649
REACHED: 2023-10-12 15:17:17.667004112 +0000 UTC m=+0.012503054
DONE: 2023-10-12 15:18:21.723
