START: 2023-10-07 09:45:47.661
SEEDS: 2023-10-07 09:46:03.109
RUN: 2023-10-15 06:42:39.045
REACHED: 2023-10-15 06:42:39.060621965 +0000 UTC m=+0.010186231
TIMEDOUT: 2023-10-15 06:52:39.052
