START: 2023-10-09 13:09:29.010
SEEDS: 2023-10-09 13:09:43.672
RUN: 2023-10-15 13:51:55.362
REACHED: 2023-10-15 13:51:55.380769027 +0000 UTC m=+0.013329158
DONE: 2023-10-15 13:54:18.759
