START: 2023-10-06 22:44:00.158
SEEDS: 2023-10-06 22:46:37.533
RUN: 2023-10-16 17:56:40.638
REACHED: 2023-10-16 17:56:40.66157069 +0000 UTC m=+0.018376005
TIMEDOUT: 2023-10-16 18:06:40.644
