START: 2023-10-10 10:46:38.766
SEEDS: 2023-10-10 10:47:21.741
RUN: 2023-10-13 09:41:38.395
REACHED: 2023-10-13 09:41:38.516472523 +0000 UTC m=+0.116312017
DONE: 2023-10-13 09:46:24.925
