START: 2023-10-13 08:29:51.479
SEEDS: 2023-10-13 08:30:44.423
RUN: 2023-10-13 13:58:42.689
REACHED: 2023-10-13 13:58:42.706947381 +0000 UTC m=+0.012367979
DONE: 2023-10-13 13:59:35.644
