START: 2023-10-08 19:35:22.031
SEEDS: 2023-10-08 19:36:01.958
RUN: 2023-10-12 14:15:42.333
REACHED: 2023-10-12 14:15:42.351647607 +0000 UTC m=+0.012455881
DONE: 2023-10-12 14:15:51.569
