START: 2023-10-11 15:13:50.694
SEEDS: 2023-10-11 15:14:25.069
RUN: 2023-10-12 15:14:19.558
REACHED: 2023-10-12 15:14:19.576537229 +0000 UTC m=+0.012511033
DONE: 2023-10-12 15:15:14.981
