START: 2023-10-11 15:24:02.837
SEEDS: 2023-10-11 15:24:47.616
RUN: 2023-10-12 15:18:21.754
REACHED: 2023-10-12 15:18:21.77328946 +0000 UTC m=+0.013491373
DONE: 2023-10-12 15:18:34.789
