START: 2023-10-08 20:10:55.614
SEEDS: 2023-10-08 20:11:27.823
RUN: 2023-10-16 01:14:51.277
REACHED: 2023-10-16 01:14:51.299734965 +0000 UTC m=+0.017115530
TIMEDOUT: 2023-10-16 01:24:51.284
