START: 2023-10-05 10:27:28.578
SEEDS: 2023-10-05 10:30:14.728
RUN: 2023-10-17 23:13:49.832
REACHED: 2023-10-17 23:13:49.851580481 +0000 UTC m=+0.013610444
TIMEDOUT: 2023-10-17 23:23:49.839
