START: 2023-09-14 09:57:48.682
REACHED: 2023-09-14 09:57:48.698397539 +0000 UTC m=+0.012475688
DONE: 2023-09-14 09:58:06.624
