START: 2023-10-06 16:44:44.443
SEEDS: 2023-10-06 16:44:56.042
RUN: 2023-10-14 02:49:47.466
REACHED: 2023-10-14 02:49:47.515548092 +0000 UTC m=+0.044047731
DONE: 2023-10-14 02:50:02.226
