START: 2023-10-13 12:45:35.054
SEEDS: 2023-10-13 12:49:54.306
RUN: 2023-10-17 21:25:58.214
REACHED: 2023-10-17 21:25:58.241237749 +0000 UTC m=+0.021511413
DONE: 2023-10-17 21:29:56.776
