START: 2023-10-07 02:17:25.884
SEEDS: 2023-10-07 02:21:30.914
RUN: 2023-10-13 02:23:00.569
REACHED: 2023-10-13 02:23:00.833254345 +0000 UTC m=+0.258781020
DONE: 2023-10-13 02:23:50.157
