START: 2023-10-05 12:27:24.745
SEEDS: 2023-10-05 12:28:01.864
RUN: 2023-10-14 16:51:41.820
REACHED: 2023-10-14 16:51:41.98650399 +0000 UTC m=+0.161364094
DONE: 2023-10-14 16:53:37.709
