START: 2023-10-09 12:32:39.181
SEEDS: 2023-10-09 12:32:54.784
RUN: 2023-10-12 13:51:32.310
REACHED: 2023-10-12 13:51:32.327600851 +0000 UTC m=+0.012267366
DONE: 2023-10-12 13:51:41.061
