START: 2023-09-29 11:06:11.235
SEEDS: 2023-09-29 11:06:57.804
RUN: 2023-10-12 22:06:43.279
REACHED: 2023-10-12 22:06:43.297848217 +0000 UTC m=+0.012526694
DONE: 2023-10-12 22:07:36.933
