START: 2023-10-04 18:34:55.538
SEEDS: 2023-10-04 18:35:32.410
RUN: 2023-10-14 11:47:37.264
REACHED: 2023-10-14 11:47:37.455869925 +0000 UTC m=+0.186310687
DONE: 2023-10-14 11:50:01.586
