START: 2023-10-10 17:03:27.198
SEEDS: 2023-10-10 17:03:57.498
RUN: 2023-10-15 00:34:16.829
REACHED: 2023-10-15 00:34:16.848391877 +0000 UTC m=+0.013893533
TIMEDOUT: 2023-10-15 00:44:16.836
