START: 2023-10-08 18:52:27.930
SEEDS: 2023-10-08 18:53:01.223
RUN: 2023-10-13 12:58:04.829
REACHED: 2023-10-13 12:58:04.966355849 +0000 UTC m=+0.132347769
DONE: 2023-10-13 12:58:05.499
