START: 2023-10-13 09:54:27.251
SEEDS: 2023-10-13 10:01:40.404
RUN: 2023-10-14 06:54:50.789
REACHED: 2023-10-14 06:54:51.072017819 +0000 UTC m=+0.277006011
TIMEDOUT: 2023-10-14 07:04:50.796
