START: 2023-10-05 10:41:20.629
SEEDS: 2023-10-05 10:44:07.790
RUN: 2023-10-18 02:33:50.200
REACHED: 2023-10-18 02:33:50.220082337 +0000 UTC m=+0.014729805
TIMEDOUT: 2023-10-18 02:43:50.206
