START: 2023-09-29 13:16:06.331
SEEDS: 2023-09-29 13:16:40.762
RUN: 2023-10-12 22:08:08.593
REACHED: 2023-10-12 22:08:08.611035706 +0000 UTC m=+0.012513987
DONE: 2023-10-12 22:09:10.645
