START: 2023-10-04 20:13:08.112
SEEDS: 2023-10-04 20:13:56.648
RUN: 2023-10-18 06:54:26.177
REACHED: 2023-10-18 06:54:26.198882382 +0000 UTC m=+0.016010576
TIMEDOUT: 2023-10-18 07:04:26.184
