START: 2023-10-11 20:33:53.455
SEEDS: 2023-10-11 20:35:51.483
RUN: 2023-10-13 16:30:09.506
REACHED: 2023-10-13 16:30:10.076387021 +0000 UTC m=+0.565316093
DONE: 2023-10-13 16:31:47.155
