START: 2023-10-08 18:47:58.017
SEEDS: 2023-10-08 18:48:16.471
RUN: 2023-10-12 14:26:04.403
REACHED: 2023-10-12 14:26:04.420888496 +0000 UTC m=+0.012679166
DONE: 2023-10-12 14:26:04.462
