START: 2023-10-09 12:30:10.647
SEEDS: 2023-10-09 12:30:49.351
RUN: 2023-10-12 13:50:05.416
REACHED: 2023-10-12 13:50:05.43440063 +0000 UTC m=+0.012357012
DONE: 2023-10-12 13:50:23.777
