START: 2023-10-11 21:03:55.045
SEEDS: 2023-10-11 21:05:43.419
RUN: 2023-10-16 10:10:38.789
REACHED: 2023-10-16 10:10:38.826629388 +0000 UTC m=+0.032119958
TIMEDOUT: 2023-10-16 10:20:38.795
