START: 2023-09-25 12:02:25.334
SEEDS: 2023-09-25 12:02:31.730
REACHED: 2023-09-25 12:02:31.748179209 +0000 UTC m=+0.012491938
DONE: 2023-09-25 12:03:03.725
