START: 2023-10-08 16:34:33.361
SEEDS: 2023-10-08 16:34:43.877
RUN: 2023-10-13 23:01:30.928
REACHED: 2023-10-13 23:01:31.136133784 +0000 UTC m=+0.202258317
DONE: 2023-10-13 23:04:53.770
