START: 2023-09-25 11:51:56.599
SEEDS: 2023-09-25 11:52:02.880
REACHED: 2023-09-25 11:52:02.89796757 +0000 UTC m=+0.012494173
DONE: 2023-09-25 11:52:25.946
