START: 2023-10-05 15:50:09.422
SEEDS: 2023-10-05 15:52:55.897
RUN: 2023-10-18 08:37:15.096
REACHED: 2023-10-18 08:37:15.120546046 +0000 UTC m=+0.018950272
DONE: 2023-10-18 08:39:28.782
