START: 2023-09-27 15:01:17.631
SEEDS: 2023-09-27 15:03:48.041
RUN: 2023-10-12 20:55:58.284
REACHED: 2023-10-12 20:55:58.30280774 +0000 UTC m=+0.012530300
DONE: 2023-10-12 20:56:30.246
