START: 2023-10-13 12:32:14.699
SEEDS: 2023-10-13 12:36:35.546
RUN: 2023-10-17 20:25:58.104
REACHED: 2023-10-17 20:25:58.126829969 +0000 UTC m=+0.017539957
TIMEDOUT: 2023-10-17 20:35:58.110
