START: 2023-10-13 10:30:46.034
SEEDS: 2023-10-13 10:32:57.169
RUN: 2023-10-14 07:43:27.925
REACHED: 2023-10-14 07:43:27.97702114 +0000 UTC m=+0.046773060
DONE: 2023-10-14 07:43:39.703
