START: 2023-10-10 10:54:09.656
SEEDS: 2023-10-10 10:54:39.644
RUN: 2023-10-15 18:38:14.825
REACHED: 2023-10-15 18:38:14.842833886 +0000 UTC m=+0.011412497
TIMEDOUT: 2023-10-15 18:48:14.832
