START: 2023-10-08 19:55:45.123
SEEDS: 2023-10-08 19:56:24.747
RUN: 2023-10-13 11:18:10.318
REACHED: 2023-10-13 11:18:10.398105482 +0000 UTC m=+0.074467963
TIMEDOUT: 2023-10-13 11:28:10.325
