START: 2023-10-11 21:20:12.810
SEEDS: 2023-10-11 21:22:00.485
RUN: 2023-10-16 07:24:51.969
REACHED: 2023-10-16 07:24:51.99087069 +0000 UTC m=+0.015993327
TIMEDOUT: 2023-10-16 07:34:51.976
