START: 2023-10-05 12:06:28.420
SEEDS: 2023-10-05 12:08:28.210
RUN: 2023-10-14 15:56:47.705
REACHED: 2023-10-14 15:56:47.988218754 +0000 UTC m=+0.277684088
DONE: 2023-10-14 15:56:54.324
