START: 2023-09-29 14:10:06.758
SEEDS: 2023-09-29 14:10:32.258
RUN: 2023-10-12 22:28:32.601
REACHED: 2023-10-12 22:28:32.618853916 +0000 UTC m=+0.012648578
DONE: 2023-10-12 22:28:50.041
