START: 2023-10-10 18:19:06.870
SEEDS: 2023-10-10 18:20:37.682
RUN: 2023-10-12 23:53:24.896
REACHED: 2023-10-12 23:53:25.183180816 +0000 UTC m=+0.281489442
DONE: 2023-10-12 23:53:26.844
