START: 2023-10-10 17:11:09.913
SEEDS: 2023-10-10 17:11:40.548
RUN: 2023-10-15 02:34:17.053
REACHED: 2023-10-15 02:34:17.07940863 +0000 UTC m=+0.021049543
TIMEDOUT: 2023-10-15 02:44:17.059
