START: 2023-10-05 13:21:18.976
RUN: 2023-10-05 13:21:18.978
REACHED: 2023-10-05 13:21:18.997583783 +0000 UTC m=+0.014481659
DONE: 2023-10-05 13:22:18.462
