START: 2023-09-28 21:43:04.947
SEEDS: 2023-09-28 23:08:25.040
REACHED: 2023-09-28 23:08:25.057691704 +0000 UTC m=+0.012552700
DONE: 2023-09-28 23:11:35.077
