START: 2023-10-07 01:35:19.079
SEEDS: 2023-10-07 01:49:42.543
RUN: 2023-10-13 02:07:41.841
REACHED: 2023-10-13 02:07:42.108421032 +0000 UTC m=+0.261870252
DONE: 2023-10-13 02:12:37.705
