START: 2023-09-14 15:41:34.916
SEEDS: 2023-09-14 15:52:30.597
RUN: 2023-10-12 13:25:12.414
REACHED: 2023-10-12 13:25:12.432487923 +0000 UTC m=+0.012591933
DONE: 2023-10-12 13:26:14.699
