START: 2023-10-05 13:22:18.475
RUN: 2023-10-05 13:22:18.476
REACHED: 2023-10-05 13:22:18.497346789 +0000 UTC m=+0.015578906
DONE: 2023-10-05 13:27:52.242
