START: 2023-10-10 10:18:52.417
SEEDS: 2023-10-10 10:19:24.820
RUN: 2023-10-12 14:06:16.507
REACHED: 2023-10-12 14:06:16.524903967 +0000 UTC m=+0.012629691
DONE: 2023-10-12 14:07:26.664
