START: 2023-10-09 14:30:15.592
SEEDS: 2023-10-09 14:30:58.352
RUN: 2023-10-15 10:20:43.139
REACHED: 2023-10-15 10:20:43.168317511 +0000 UTC m=+0.023802322
TIMEDOUT: 2023-10-15 10:30:43.146
