START: 2023-10-10 10:16:13.121
SEEDS: 2023-10-10 10:16:52.744
RUN: 2023-10-12 13:58:39.488
REACHED: 2023-10-12 13:58:39.506426925 +0000 UTC m=+0.012587995
DONE: 2023-10-12 13:58:55.042
