START: 2023-09-27 13:04:35.953
SEEDS: 2023-09-27 14:28:35.219
REACHED: 2023-09-27 14:28:35.237445873 +0000 UTC m=+0.012444945
DONE: 2023-09-27 14:29:08.924
