START: 2023-09-25 12:00:59.312
SEEDS: 2023-09-25 12:01:07.324
REACHED: 2023-09-25 12:01:07.342532169 +0000 UTC m=+0.012643270
DONE: 2023-09-25 12:01:28.256
