START: 2023-10-13 08:33:25.584
SEEDS: 2023-10-13 08:35:36.522
RUN: 2023-10-13 14:01:37.021
REACHED: 2023-10-13 14:01:37.039530722 +0000 UTC m=+0.012628574
DONE: 2023-10-13 14:01:54.196
