START: 2023-10-10 13:55:43.892
RUN: 2023-10-10 13:55:43.893
REACHED: 2023-10-10 13:55:43.911479337 +0000 UTC m=+0.012542839
DONE: 2023-10-10 13:56:26.014
