START: 2023-10-04 18:00:27.425
SEEDS: 2023-10-04 18:03:12.546
RUN: 2023-10-18 20:18:12.745
REACHED: 2023-10-18 20:18:12.771734765 +0000 UTC m=+0.020695380
TIMEDOUT: 2023-10-18 20:28:12.752
