START: 2023-09-28 00:21:58.462
SEEDS: 2023-09-28 01:47:31.939
REACHED: 2023-09-28 01:47:31.95677191 +0000 UTC m=+0.012432352
DONE: 2023-09-28 01:48:19.894
