START: 2023-10-10 16:52:45.187
RUN: 2023-10-10 16:52:45.189
REACHED: 2023-10-10 16:52:45.207724339 +0000 UTC m=+0.013592325
TIMEDOUT: 2023-10-10 17:02:45.195
