START: 2023-09-29 13:28:53.774
SEEDS: 2023-09-29 13:33:21.836
RUN: 2023-10-12 22:13:17.454
REACHED: 2023-10-12 22:13:17.474001811 +0000 UTC m=+0.013638896
DONE: 2023-10-12 22:13:36.861
