START: 2023-10-04 16:09:52.643
SEEDS: 2023-10-04 16:14:53.573
RUN: 2023-10-14 17:50:29.986
REACHED: 2023-10-14 17:50:30.089446394 +0000 UTC m=+0.098324691
TIMEDOUT: 2023-10-14 18:00:29.992
