START: 2023-10-08 19:47:01.775
SEEDS: 2023-10-08 19:47:41.318
RUN: 2023-10-13 11:30:27.203
REACHED: 2023-10-13 11:30:27.373848533 +0000 UTC m=+0.165052148
TIMEDOUT: 2023-10-13 11:40:27.210
