START: 2023-10-08 17:05:11.171
SEEDS: 2023-10-08 17:05:19.578
RUN: 2023-10-13 22:44:56.138
REACHED: 2023-10-13 22:44:56.167662956 +0000 UTC m=+0.024202909
DONE: 2023-10-13 22:49:36.187
