START: 2023-10-10 17:11:40.557
SEEDS: 2023-10-10 17:12:53.627
RUN: 2023-10-15 02:44:17.071
REACHED: 2023-10-15 02:44:17.092899966 +0000 UTC m=+0.015652331
TIMEDOUT: 2023-10-15 02:54:17.078
