START: 2023-09-27 14:58:36.188
SEEDS: 2023-09-27 15:01:17.626
RUN: 2023-10-12 20:53:49.123
REACHED: 2023-10-12 20:53:49.142067523 +0000 UTC m=+0.013368514
DONE: 2023-10-12 20:54:37.180
