START: 2023-10-10 16:48:00.137
SEEDS: 2023-10-10 16:48:39.910
RUN: 2023-10-13 01:49:57.516
REACHED: 2023-10-13 01:49:57.747225114 +0000 UTC m=+0.226203292
DONE: 2023-10-13 01:52:15.531
