START: 2023-10-13 08:35:36.532
SEEDS: 2023-10-13 08:42:33.227
RUN: 2023-10-13 14:01:54.218
REACHED: 2023-10-13 14:01:54.236581539 +0000 UTC m=+0.012461971
DONE: 2023-10-13 14:02:07.244
