START: 2023-10-09 13:40:52.466
SEEDS: 2023-10-09 13:41:30.697
RUN: 2023-10-12 13:39:33.669
REACHED: 2023-10-12 13:39:33.686989068 +0000 UTC m=+0.012567690
DONE: 2023-10-12 13:40:01.341
