START: 2023-10-08 19:13:13.770
SEEDS: 2023-10-08 19:13:31.523
RUN: 2023-10-16 03:44:51.555
REACHED: 2023-10-16 03:44:51.579138841 +0000 UTC m=+0.018296192
TIMEDOUT: 2023-10-16 03:54:51.562
