START: 2023-10-06 18:16:53.749
SEEDS: 2023-10-06 18:20:23.916
RUN: 2023-10-13 20:56:08.592
REACHED: 2023-10-13 20:56:09.002019703 +0000 UTC m=+0.404469511
DONE: 2023-10-13 20:56:55.800
