START: 2023-10-04 15:42:46.941
SEEDS: 2023-10-04 15:46:46.173
RUN: 2023-10-14 17:31:45.477
REACHED: 2023-10-14 17:31:45.552885918 +0000 UTC m=+0.070682660
DONE: 2023-10-14 17:31:45.839
