START: 2023-10-11 17:03:44.126
SEEDS: 2023-10-11 17:06:19.291
RUN: 2023-10-16 10:50:38.862
REACHED: 2023-10-16 10:50:38.883400469 +0000 UTC m=+0.015685754
TIMEDOUT: 2023-10-16 11:00:38.869
