START: 2023-10-05 13:19:11.678
SEEDS: 2023-10-05 13:22:45.801
RUN: 2023-10-18 15:18:52.711
REACHED: 2023-10-18 15:18:52.735268786 +0000 UTC m=+0.018575017
TIMEDOUT: 2023-10-18 15:28:52.718
