START: 2023-09-29 15:01:44.985
REACHED: 2023-09-29 15:01:45.349321616 +0000 UTC m=+0.358486167
DONE: 2023-09-29 15:11:38.391
