START: 2023-10-04 19:40:36.823
SEEDS: 2023-10-04 19:44:06.214
RUN: 2023-10-18 04:04:25.865
REACHED: 2023-10-18 04:04:25.886760275 +0000 UTC m=+0.015708281
TIMEDOUT: 2023-10-18 04:14:25.872
