START: 2023-10-05 09:34:49.335
SEEDS: 2023-10-05 09:37:33.917
RUN: 2023-10-14 10:06:05.686
REACHED: 2023-10-14 10:06:05.811433929 +0000 UTC m=+0.119749893
DONE: 2023-10-14 10:06:10.129
