START: 2023-10-08 16:57:02.717
SEEDS: 2023-10-08 16:57:11.017
RUN: 2023-10-12 15:41:40.159
REACHED: 2023-10-12 15:41:40.177343463 +0000 UTC m=+0.012670521
DONE: 2023-10-12 15:41:45.745
