START: 2023-10-06 18:07:24.756
SEEDS: 2023-10-06 18:10:54.323
RUN: 2023-10-13 20:46:08.578
REACHED: 2023-10-13 20:46:08.605784639 +0000 UTC m=+0.022630266
TIMEDOUT: 2023-10-13 20:56:08.584
