START: 2023-09-29 13:46:43.389
SEEDS: 2023-09-29 13:47:13.718
RUN: 2023-10-12 22:14:58.410
REACHED: 2023-10-12 22:14:58.427865733 +0000 UTC m=+0.012532249
DONE: 2023-10-12 22:15:15.458
