START: 2023-10-04 18:31:32.401
SEEDS: 2023-10-04 18:32:14.048
RUN: 2023-10-14 11:33:30.806
REACHED: 2023-10-14 11:33:30.843742334 +0000 UTC m=+0.032034749
DONE: 2023-10-14 11:37:27.409
