START: 2023-10-11 17:47:23.138
SEEDS: 2023-10-11 17:49:16.051
RUN: 2023-10-16 11:30:38.935
REACHED: 2023-10-16 11:30:38.95255809 +0000 UTC m=+0.011456079
TIMEDOUT: 2023-10-16 11:40:38.942
