START: 2023-10-05 10:05:10.190
SEEDS: 2023-10-05 10:07:58.985
RUN: 2023-10-17 22:23:49.739
REACHED: 2023-10-17 22:23:49.762438645 +0000 UTC m=+0.017536869
TIMEDOUT: 2023-10-17 22:33:49.746
