START: 2023-10-08 18:59:58.182
SEEDS: 2023-10-08 19:00:24.390
RUN: 2023-10-13 14:19:30.328
REACHED: 2023-10-13 14:19:30.520703682 +0000 UTC m=+0.186995153
DONE: 2023-10-13 14:23:33.838
