START: 2023-10-09 13:43:55.965
SEEDS: 2023-10-09 13:44:50.020
RUN: 2023-10-12 13:47:18.062
REACHED: 2023-10-12 13:47:18.079974274 +0000 UTC m=+0.012536377
DONE: 2023-10-12 13:47:20.868
