START: 2023-10-08 19:50:29.412
SEEDS: 2023-10-08 19:51:08.960
RUN: 2023-10-13 10:49:56.693
REACHED: 2023-10-13 10:49:56.854972314 +0000 UTC m=+0.156837506
DONE: 2023-10-13 10:52:46.333
