START: 2023-10-06 17:22:27.980
SEEDS: 2023-10-06 17:22:39.441
RUN: 2023-10-17 17:20:35.187
REACHED: 2023-10-17 17:20:35.202316115 +0000 UTC m=+0.009710106
TIMEDOUT: 2023-10-17 17:30:35.193
