START: 2023-10-04 19:49:15.130
SEEDS: 2023-10-04 19:52:44.593
RUN: 2023-10-18 04:44:25.938
REACHED: 2023-10-18 04:44:25.956578873 +0000 UTC m=+0.013378085
TIMEDOUT: 2023-10-18 04:54:25.944
