START: 2023-10-10 10:16:52.753
SEEDS: 2023-10-10 10:17:32.351
RUN: 2023-10-12 14:00:31.832
REACHED: 2023-10-12 14:00:31.850641709 +0000 UTC m=+0.012425104
DONE: 2023-10-12 14:00:37.082
