START: 2023-10-10 17:00:32.838
SEEDS: 2023-10-10 17:00:52.986
RUN: 2023-10-14 23:49:38.519
REACHED: 2023-10-14 23:49:38.540465869 +0000 UTC m=+0.015769030
TIMEDOUT: 2023-10-14 23:59:38.526
