START: 2023-10-07 00:58:25.014
SEEDS: 2023-10-07 01:12:21.055
RUN: 2023-10-13 02:05:25.483
REACHED: 2023-10-13 02:05:25.758707467 +0000 UTC m=+0.270199782
DONE: 2023-10-13 02:05:31.136
