START: 2023-10-09 14:22:13.445
SEEDS: 2023-10-09 14:22:57.458
RUN: 2023-10-15 12:00:43.323
REACHED: 2023-10-15 12:00:43.346791564 +0000 UTC m=+0.018390028
TIMEDOUT: 2023-10-15 12:10:43.329
