START: 2023-10-04 19:11:09.356
SEEDS: 2023-10-04 19:11:41.666
RUN: 2023-10-14 12:13:52.859
REACHED: 2023-10-14 12:13:52.899147033 +0000 UTC m=+0.034697517
TIMEDOUT: 2023-10-14 12:23:52.866
