START: 2023-10-06 17:33:45.149
SEEDS: 2023-10-06 17:33:52.374
RUN: 2023-10-17 07:15:10.474
REACHED: 2023-10-17 07:15:10.501417988 +0000 UTC m=+0.021349063
TIMEDOUT: 2023-10-17 07:25:10.481
