START: 2023-10-08 17:08:12.094
SEEDS: 2023-10-08 17:08:31.373
RUN: 2023-10-13 22:22:26.131
REACHED: 2023-10-13 22:22:26.379551238 +0000 UTC m=+0.243126292
DONE: 2023-10-13 22:25:12.298
