START: 2023-10-06 17:29:06.215
SEEDS: 2023-10-06 17:29:15.926
RUN: 2023-10-14 00:38:52.534
REACHED: 2023-10-14 00:38:52.709653911 +0000 UTC m=+0.170454383
TIMEDOUT: 2023-10-14 00:48:52.540
