START: 2023-10-06 18:43:03.508
SEEDS: 2023-10-06 18:57:12.406
RUN: 2023-10-16 15:25:59.657
REACHED: 2023-10-16 15:25:59.67845546 +0000 UTC m=+0.016200289
TIMEDOUT: 2023-10-16 15:35:59.663
