START: 2023-10-08 17:01:45.987
SEEDS: 2023-10-08 17:01:54.579
RUN: 2023-10-13 21:09:15.962
REACHED: 2023-10-13 21:09:18.526229671 +0000 UTC m=+2.558292589
TIMEDOUT: 2023-10-13 21:19:15.969
