START: 2023-10-08 20:08:47.802
SEEDS: 2023-10-08 20:09:19.557
RUN: 2023-10-15 22:34:50.982
REACHED: 2023-10-15 22:34:51.002650803 +0000 UTC m=+0.014754969
TIMEDOUT: 2023-10-15 22:44:50.989
