START: 2023-10-06 17:18:46.209
SEEDS: 2023-10-06 17:18:59.325
RUN: 2023-10-17 14:39:06.769
REACHED: 2023-10-17 14:39:06.788615157 +0000 UTC m=+0.014388637
TIMEDOUT: 2023-10-17 14:49:06.775
