START: 2023-10-10 17:09:00.389
SEEDS: 2023-10-10 17:09:00.397
RUN: 2023-10-10 17:09:00.399
REACHED: 2023-10-10 17:09:00.417070402 +0000 UTC m=+0.012504048
DONE: 2023-10-10 17:09:12.268
