START: 2023-10-11 21:32:50.406
SEEDS: 2023-10-11 21:34:37.723
RUN: 2023-10-16 07:34:51.987
REACHED: 2023-10-16 07:34:52.007587023 +0000 UTC m=+0.014831244
TIMEDOUT: 2023-10-16 07:44:51.994
