START: 2023-10-06 17:04:10.568
SEEDS: 2023-10-06 17:04:20.528
RUN: 2023-10-14 04:30:50.822
REACHED: 2023-10-14 04:30:50.925505266 +0000 UTC m=+0.097734076
DONE: 2023-10-14 04:38:21.288
