START: 2023-10-05 15:33:27.377
SEEDS: 2023-10-05 15:36:14.329
RUN: 2023-10-18 08:59:28.829
REACHED: 2023-10-18 08:59:28.850081337 +0000 UTC m=+0.015322257
TIMEDOUT: 2023-10-18 09:09:28.836
