START: 2023-10-06 17:31:49.238
SEEDS: 2023-10-06 17:31:57.363
RUN: 2023-10-14 02:02:22.796
REACHED: 2023-10-14 02:02:22.916953194 +0000 UTC m=+0.115384139
TIMEDOUT: 2023-10-14 02:12:22.803
