START: 2023-10-13 09:37:18.706
SEEDS: 2023-10-13 09:44:36.919
RUN: 2023-10-14 06:53:27.127
REACHED: 2023-10-14 06:53:27.42267928 +0000 UTC m=+0.290231367
DONE: 2023-10-14 06:54:50.101
