START: 2023-10-10 17:54:10.999
SEEDS: 2023-10-10 17:54:11.008
RUN: 2023-10-10 17:54:11.009
REACHED: 2023-10-10 17:54:11.147969594 +0000 UTC m=+0.133045040
DONE: 2023-10-10 17:54:22.010
