START: 2023-10-04 19:28:30.932
SEEDS: 2023-10-04 19:33:03.165
RUN: 2023-10-18 03:04:25.756
REACHED: 2023-10-18 03:04:25.78194445 +0000 UTC m=+0.020175222
TIMEDOUT: 2023-10-18 03:14:25.763
