START: 2023-10-10 10:40:37.058
SEEDS: 2023-10-10 10:41:18.488
RUN: 2023-10-13 08:44:05.617
REACHED: 2023-10-13 08:44:06.028348322 +0000 UTC m=+0.405782026
DONE: 2023-10-13 08:45:56.025
