START: 2023-10-10 11:04:16.937
SEEDS: 2023-10-10 11:04:43.736
RUN: 2023-10-15 17:57:07.460
REACHED: 2023-10-15 17:57:07.479949733 +0000 UTC m=+0.014707765
TIMEDOUT: 2023-10-15 18:07:07.466
