START: 2023-09-29 12:13:53.181
SEEDS: 2023-09-29 12:16:34.344
RUN: 2023-10-12 21:18:16.066
REACHED: 2023-10-12 21:18:16.083905355 +0000 UTC m=+0.012509995
DONE: 2023-10-12 21:18:20.666
