START: 2023-09-14 14:35:33.123
SEEDS: 2023-09-14 14:35:33.137
REACHED: 2023-09-14 14:35:33.156033565 +0000 UTC m=+0.013728886
DONE: 2023-09-14 14:35:48.353
