START: 2023-10-13 10:53:33.127
SEEDS: 2023-10-13 10:55:45.296
RUN: 2023-10-14 08:17:50.302
REACHED: 2023-10-14 08:17:50.362610981 +0000 UTC m=+0.054621224
DONE: 2023-10-14 08:21:58.398
