START: 2023-10-05 10:55:14.451
SEEDS: 2023-10-05 10:58:01.461
RUN: 2023-10-18 01:23:50.072
REACHED: 2023-10-18 01:23:50.10258976 +0000 UTC m=+0.025402017
TIMEDOUT: 2023-10-18 01:33:50.078
