START: 2023-10-13 10:37:13.485
SEEDS: 2023-10-13 10:44:10.091
RUN: 2023-10-14 08:03:39.739
REACHED: 2023-10-14 08:03:39.862354393 +0000 UTC m=+0.117859181
DONE: 2023-10-14 08:06:20.333
