START: 2023-10-06 17:35:24.918
SEEDS: 2023-10-06 17:35:33.253
RUN: 2023-10-17 06:56:46.041
REACHED: 2023-10-17 06:56:46.060458489 +0000 UTC m=+0.013746171
TIMEDOUT: 2023-10-17 07:06:46.048
