START: 2023-10-08 18:45:05.769
SEEDS: 2023-10-08 18:45:31.519
RUN: 2023-10-12 14:23:54.275
REACHED: 2023-10-12 14:23:54.293092789 +0000 UTC m=+0.012633331
DONE: 2023-10-12 14:23:56.620
