START: 2023-10-11 19:10:19.387
SEEDS: 2023-10-11 19:12:16.671
RUN: 2023-10-12 14:51:19.228
REACHED: 2023-10-12 14:51:19.24639794 +0000 UTC m=+0.012574745
DONE: 2023-10-12 14:53:12.081
