START: 2023-10-11 15:17:36.070
SEEDS: 2023-10-11 15:19:44.793
RUN: 2023-10-12 15:15:59.081
REACHED: 2023-10-12 15:15:59.099391553 +0000 UTC m=+0.012548315
DONE: 2023-10-12 15:16:31.757
