START: 2023-10-04 20:09:34.718
SEEDS: 2023-10-04 20:13:08.105
RUN: 2023-10-18 06:44:26.159
REACHED: 2023-10-18 06:44:26.178740068 +0000 UTC m=+0.014258683
TIMEDOUT: 2023-10-18 06:54:26.165
