START: 2023-09-14 09:56:19.107
REACHED: 2023-09-14 09:56:19.123852329 +0000 UTC m=+0.012493948
DONE: 2023-09-14 09:56:41.572
