START: 2023-10-05 16:52:18.272
SEEDS: 2023-10-05 16:52:18.280
RUN: 2023-10-05 16:52:18.282
REACHED: 2023-10-05 16:52:18.297451031 +0000 UTC m=+0.009923065
DONE: 2023-10-05 16:57:06.952
