START: 2023-10-06 16:46:59.899
SEEDS: 2023-10-06 16:47:08.879
RUN: 2023-10-14 04:08:56.376
REACHED: 2023-10-14 04:08:56.560972234 +0000 UTC m=+0.179688274
DONE: 2023-10-14 04:14:29.645
