START: 2023-10-10 16:44:15.123
SEEDS: 2023-10-10 16:44:50.939
RUN: 2023-10-13 01:19:08.691
REACHED: 2023-10-13 01:19:08.86513047 +0000 UTC m=+0.168918078
DONE: 2023-10-13 01:19:12.076
