START: 2023-10-11 18:31:01.991
SEEDS: 2023-10-11 18:31:26.261
RUN: 2023-10-16 14:15:59.528
REACHED: 2023-10-16 14:15:59.543702637 +0000 UTC m=+0.010132125
TIMEDOUT: 2023-10-16 14:25:59.535
