START: 2023-09-25 12:36:17.923
SEEDS: 2023-09-25 12:36:28.021
RUN: 2023-10-12 16:33:33.473
REACHED: 2023-10-12 16:33:33.490983325 +0000 UTC m=+0.012465731
DONE: 2023-10-12 16:33:42.003
