START: 2023-10-08 04:43:53.829
SEEDS: 2023-10-08 06:07:41.186
RUN: 2023-10-08 06:07:41.187
REACHED: 2023-10-08 06:07:41.542908888 +0000 UTC m=+0.350440887
DONE: 2023-10-08 06:09:34.338
