START: 2023-10-13 08:12:46.919
SEEDS: 2023-10-13 08:19:59.572
RUN: 2023-10-13 13:57:18.753
REACHED: 2023-10-13 13:57:18.771135145 +0000 UTC m=+0.012619432
DONE: 2023-10-13 13:58:14.900
