START: 2023-10-05 14:57:52.466
RUN: 2023-10-05 14:57:52.467
REACHED: 2023-10-05 14:57:52.488352026 +0000 UTC m=+0.015445984
TIMEDOUT: 2023-10-05 15:07:52.474
