START: 2023-10-11 15:02:45.611
SEEDS: 2023-10-11 15:04:54.130
RUN: 2023-10-12 15:10:50.955
REACHED: 2023-10-12 15:10:50.974639165 +0000 UTC m=+0.013545772
DONE: 2023-10-12 15:11:29.080
