START: 2023-10-06 16:45:47.787
SEEDS: 2023-10-06 16:46:01.033
RUN: 2023-10-14 03:20:25.490
REACHED: 2023-10-14 03:20:25.573547774 +0000 UTC m=+0.078388442
DONE: 2023-10-14 03:29:39.860
