START: 2023-10-10 16:23:42.790
SEEDS: 2023-10-10 16:24:22.217
RUN: 2023-10-12 13:15:45.276
REACHED: 2023-10-12 13:15:45.294125953 +0000 UTC m=+0.012474889
DONE: 2023-10-12 13:15:45.748
