START: 2023-10-06 17:35:40.296
SEEDS: 2023-10-06 17:35:54.022
RUN: 2023-10-17 08:15:10.585
REACHED: 2023-10-17 08:15:10.605081533 +0000 UTC m=+0.014829808
TIMEDOUT: 2023-10-17 08:25:10.591
