START: 2023-10-09 14:21:29.311
SEEDS: 2023-10-09 14:22:13.436
RUN: 2023-10-15 11:20:43.249
REACHED: 2023-10-15 11:20:43.277722731 +0000 UTC m=+0.022572053
TIMEDOUT: 2023-10-15 11:30:43.256
