START: 2023-10-10 15:01:41.668
RUN: 2023-10-10 15:01:41.670
REACHED: 2023-10-10 15:01:41.686548186 +0000 UTC m=+0.011305823
TIMEDOUT: 2023-10-10 15:11:41.676
