START: 2023-10-08 19:47:41.328
SEEDS: 2023-10-08 19:48:21.190
RUN: 2023-10-13 11:50:00.339
REACHED: 2023-10-13 11:50:00.55881413 +0000 UTC m=+0.214707612
TIMEDOUT: 2023-10-13 12:00:00.345
