START: 2023-10-09 12:57:06.817
SEEDS: 2023-10-09 13:01:05.903
RUN: 2023-10-15 12:50:43.415
REACHED: 2023-10-15 12:50:43.438993645 +0000 UTC m=+0.018457559
TIMEDOUT: 2023-10-15 13:00:43.421
