START: 2023-09-29 13:33:51.244
SEEDS: 2023-09-29 13:38:18.062
RUN: 2023-10-12 22:13:45.583
REACHED: 2023-10-12 22:13:45.600763876 +0000 UTC m=+0.012518374
DONE: 2023-10-12 22:13:45.849
