START: 2023-10-10 16:50:19.232
SEEDS: 2023-10-10 16:50:59.207
RUN: 2023-10-13 01:54:11.301
REACHED: 2023-10-13 01:54:11.38265816 +0000 UTC m=+0.075936047
DONE: 2023-10-13 01:54:12.236
