START: 2023-10-10 13:55:09.911
RUN: 2023-10-10 13:55:09.913
REACHED: 2023-10-10 13:55:09.931320244 +0000 UTC m=+0.012568034
DONE: 2023-10-10 13:55:43.852
