START: 2023-10-10 16:33:05.121
SEEDS: 2023-10-10 16:33:41.745
RUN: 2023-10-12 13:21:53.353
REACHED: 2023-10-12 13:21:53.370700425 +0000 UTC m=+0.012541366
DONE: 2023-10-12 13:21:54.577
