START: 2023-10-10 18:00:24.810
SEEDS: 2023-10-10 18:00:24.819
RUN: 2023-10-10 18:00:24.820
REACHED: 2023-10-10 18:00:24.835595402 +0000 UTC m=+0.009783920
TIMEDOUT: 2023-10-10 18:10:24.827
