START: 2023-10-09 13:12:46.983
SEEDS: 2023-10-09 13:20:39.523
RUN: 2023-10-09 13:20:39.525
REACHED: 2023-10-09 13:20:39.545438438 +0000 UTC m=+0.014823099
TIMEDOUT: 2023-10-09 13:30:39.532
