START: 2023-10-11 19:02:24.030
SEEDS: 2023-10-11 19:04:25.503
RUN: 2023-10-12 14:30:18.968
REACHED: 2023-10-12 14:30:18.986578393 +0000 UTC m=+0.012524327
DONE: 2023-10-12 14:32:27.701
