START: 2023-10-09 10:29:59.350
SEEDS: 2023-10-09 10:38:03.719
RUN: 2023-10-09 10:38:03.721
REACHED: 2023-10-09 10:38:03.736392249 +0000 UTC m=+0.009994286
TIMEDOUT: 2023-10-09 10:48:03.727
