START: 2023-09-18 09:47:32.852
SEEDS: 2023-09-18 09:47:50.361
RUN: 2023-10-12 15:29:52.239
REACHED: 2023-10-12 15:29:52.257090573 +0000 UTC m=+0.012515523
DONE: 2023-10-12 15:30:03.477
