START: 2023-10-08 18:50:16.961
SEEDS: 2023-10-08 18:50:44.592
RUN: 2023-10-12 14:29:00.265
REACHED: 2023-10-12 14:29:00.283552687 +0000 UTC m=+0.012594808
DONE: 2023-10-12 14:30:18.932
