START: 2023-10-08 19:36:01.968
SEEDS: 2023-10-08 19:36:35.230
RUN: 2023-10-12 14:16:36.007
REACHED: 2023-10-12 14:16:36.026388763 +0000 UTC m=+0.013272231
DONE: 2023-10-12 14:16:41.811
