START: 2023-10-11 14:18:22.783
SEEDS: 2023-10-11 14:19:10.363
RUN: 2023-10-12 15:05:03.657
REACHED: 2023-10-12 15:05:03.675250228 +0000 UTC m=+0.012554378
DONE: 2023-10-12 15:05:41.116
