START: 2023-10-10 17:21:20.937
SEEDS: 2023-10-10 17:22:49.908
RUN: 2023-10-12 13:03:14.796
REACHED: 2023-10-12 13:03:14.814578562 +0000 UTC m=+0.012509361
DONE: 2023-10-12 13:04:09.731
