START: 2023-10-05 13:56:26.889
SEEDS: 2023-10-05 13:59:12.321
RUN: 2023-10-14 14:23:11.094
REACHED: 2023-10-14 14:23:11.902023305 +0000 UTC m=+0.802325632
TIMEDOUT: 2023-10-14 14:33:11.101
