START: 2023-10-04 17:32:11.429
SEEDS: 2023-10-04 17:34:54.807
RUN: 2023-10-18 18:25:37.459
REACHED: 2023-10-18 18:25:37.485901628 +0000 UTC m=+0.021270380
TIMEDOUT: 2023-10-18 18:35:37.466
