START: 2023-10-09 13:16:41.739
SEEDS: 2023-10-09 13:18:26.991
RUN: 2023-10-15 15:34:18.956
REACHED: 2023-10-15 15:34:18.978529111 +0000 UTC m=+0.016759075
TIMEDOUT: 2023-10-15 15:44:18.963
