START: 2023-10-06 20:19:05.855
SEEDS: 2023-10-06 20:24:43.907
RUN: 2023-10-16 16:25:59.767
REACHED: 2023-10-16 16:25:59.793552811 +0000 UTC m=+0.020710052
TIMEDOUT: 2023-10-16 16:35:59.774
