START: 2023-10-11 19:31:02.252
SEEDS: 2023-10-11 19:32:59.907
RUN: 2023-10-12 14:39:48.765
REACHED: 2023-10-12 14:39:48.783112122 +0000 UTC m=+0.012482796
DONE: 2023-10-12 14:40:30.058
