START: 2023-10-10 16:28:33.257
SEEDS: 2023-10-10 16:28:55.834
RUN: 2023-10-12 13:18:06.479
REACHED: 2023-10-12 13:18:06.497177248 +0000 UTC m=+0.012604590
DONE: 2023-10-12 13:18:28.741
