START: 2023-09-25 12:35:59.178
SEEDS: 2023-09-25 12:36:06.020
RUN: 2023-10-12 16:33:01.055
REACHED: 2023-10-12 16:33:01.07497107 +0000 UTC m=+0.013804942
DONE: 2023-10-12 16:33:33.449
