START: 2023-09-29 12:16:34.350
SEEDS: 2023-09-29 12:19:05.159
RUN: 2023-10-12 21:19:48.914
REACHED: 2023-10-12 21:19:48.932335204 +0000 UTC m=+0.012520111
DONE: 2023-10-12 21:21:16.190
