START: 2023-10-06 20:59:59.713
SEEDS: 2023-10-06 21:02:37.151
RUN: 2023-10-16 16:54:38.102
REACHED: 2023-10-16 16:54:38.125656499 +0000 UTC m=+0.017572616
TIMEDOUT: 2023-10-16 17:04:38.109
