START: 2023-10-09 14:13:28.077
SEEDS: 2023-10-09 14:14:20.048
RUN: 2023-10-13 04:26:50.467
REACHED: 2023-10-13 04:26:50.610804657 +0000 UTC m=+0.138280201
TIMEDOUT: 2023-10-13 04:36:50.474
