START: 2023-10-05 15:17:52.513
RUN: 2023-10-05 15:17:52.514
REACHED: 2023-10-05 15:17:52.530013188 +0000 UTC m=+0.010151439
TIMEDOUT: 2023-10-05 15:27:52.521
