START: 2023-10-09 13:27:28.802
SEEDS: 2023-10-09 13:28:33.926
RUN: 2023-10-12 13:35:26.266
REACHED: 2023-10-12 13:35:26.285433489 +0000 UTC m=+0.013538277
DONE: 2023-10-12 13:36:11.741
