START: 2023-10-13 12:52:31.925
SEEDS: 2023-10-13 12:56:54.834
RUN: 2023-10-17 21:39:56.807
REACHED: 2023-10-17 21:39:56.828252323 +0000 UTC m=+0.016075869
TIMEDOUT: 2023-10-17 21:49:56.813
