START: 2023-10-10 14:27:54.664
RUN: 2023-10-10 14:27:54.666
REACHED: 2023-10-10 14:27:55.984679268 +0000 UTC m=+1.313212143
TIMEDOUT: 2023-10-10 14:37:54.673
