START: 2023-10-10 18:14:38.378
SEEDS: 2023-10-10 18:16:07.036
RUN: 2023-10-12 23:22:40.741
REACHED: 2023-10-12 23:22:40.822831232 +0000 UTC m=+0.076332795
DONE: 2023-10-12 23:27:38.761
