START: 2023-09-25 11:49:59.927
SEEDS: 2023-09-25 11:50:06.496
REACHED: 2023-09-25 11:50:06.514016239 +0000 UTC m=+0.012574502
DONE: 2023-09-25 11:50:48.199
