START: 2023-10-07 00:33:48.360
SEEDS: 2023-10-07 00:36:48.320
RUN: 2023-10-16 19:17:39.184
REACHED: 2023-10-16 19:17:39.205101147 +0000 UTC m=+0.015186844
TIMEDOUT: 2023-10-16 19:27:39.191
