START: 2023-10-06 17:17:36.270
SEEDS: 2023-10-06 17:17:46.741
RUN: 2023-10-17 13:53:06.915
REACHED: 2023-10-17 13:53:06.938800768 +0000 UTC m=+0.018033368
DONE: 2023-10-17 13:59:06.683
