START: 2023-10-08 19:38:53.476
SEEDS: 2023-10-08 19:39:32.995
RUN: 2023-10-12 14:15:38.911
REACHED: 2023-10-12 14:15:38.92968654 +0000 UTC m=+0.012485937
DONE: 2023-10-12 14:15:38.972
