START: 2023-10-06 16:03:49.086
SEEDS: 2023-10-06 16:04:13.838
RUN: 2023-10-13 18:59:29.185
REACHED: 2023-10-13 18:59:29.323626417 +0000 UTC m=+0.133481267
TIMEDOUT: 2023-10-13 19:09:29.191
