START: 2023-10-10 10:48:45.577
SEEDS: 2023-10-10 10:49:16.346
RUN: 2023-10-13 08:30:33.872
REACHED: 2023-10-13 08:30:33.974770451 +0000 UTC m=+0.097010051
DONE: 2023-10-13 08:31:35.817
