START: 2023-10-11 14:19:10.373
SEEDS: 2023-10-11 14:28:42.352
RUN: 2023-10-12 15:05:41.150
REACHED: 2023-10-12 15:05:41.168347927 +0000 UTC m=+0.012450918
DONE: 2023-10-12 15:05:59.250
