START: 2023-10-06 17:33:14.592
SEEDS: 2023-10-06 17:33:22.682
RUN: 2023-10-17 04:39:08.181
REACHED: 2023-10-17 04:39:08.201601363 +0000 UTC m=+0.014977323
TIMEDOUT: 2023-10-17 04:49:08.188
