START: 2023-10-06 17:14:01.383
SEEDS: 2023-10-06 17:14:15.311
RUN: 2023-10-14 05:32:50.376
REACHED: 2023-10-14 05:32:50.569961749 +0000 UTC m=+0.187785541
TIMEDOUT: 2023-10-14 05:42:50.383
