START: 2023-09-18 09:59:53.682
SEEDS: 2023-09-18 10:00:06.185
RUN: 2023-10-12 15:37:55.584
REACHED: 2023-10-12 15:37:55.602531337 +0000 UTC m=+0.012539385
DONE: 2023-10-12 15:38:29.839
