START: 2023-10-09 05:11:43.602
SEEDS: 2023-10-09 05:19:45.645
RUN: 2023-10-09 05:19:45.646
REACHED: 2023-10-09 05:19:45.670072138 +0000 UTC m=+0.018301699
TIMEDOUT: 2023-10-09 05:29:45.653
