START: 2023-10-08 18:43:02.189
SEEDS: 2023-10-08 18:43:28.371
RUN: 2023-10-12 14:20:12.910
REACHED: 2023-10-12 14:20:12.928169175 +0000 UTC m=+0.012673564
DONE: 2023-10-12 14:22:24.081
