START: 2023-09-14 16:30:42.283
SEEDS: 2023-09-14 16:34:52.783
RUN: 2023-10-12 13:31:11.249
REACHED: 2023-10-12 13:31:11.267405869 +0000 UTC m=+0.012489063
DONE: 2023-10-12 13:32:31.215
