START: 2023-10-08 19:14:28.517
SEEDS: 2023-10-08 19:14:46.365
RUN: 2023-10-16 04:04:51.592
REACHED: 2023-10-16 04:04:51.613562491 +0000 UTC m=+0.016350115
TIMEDOUT: 2023-10-16 04:14:51.598
