START: 2023-10-05 15:19:32.484
SEEDS: 2023-10-05 15:22:19.863
RUN: 2023-10-18 10:04:41.217
REACHED: 2023-10-18 10:04:41.233291556 +0000 UTC m=+0.010137416
TIMEDOUT: 2023-10-18 10:14:41.224
