START: 2023-10-08 19:49:01.436
SEEDS: 2023-10-08 19:49:41.791
RUN: 2023-10-13 12:34:04.965
REACHED: 2023-10-13 12:34:05.132653818 +0000 UTC m=+0.161763592
DONE: 2023-10-13 12:36:08.095
