START: 2023-09-25 14:37:40.539
SEEDS: 2023-09-25 14:37:54.854
RUN: 2023-10-12 16:06:26.759
REACHED: 2023-10-12 16:06:26.776952676 +0000 UTC m=+0.012514470
DONE: 2023-10-12 16:07:25.218
