START: 2023-10-07 08:50:02.704
SEEDS: 2023-10-07 08:50:19.590
RUN: 2023-10-15 05:52:38.951
REACHED: 2023-10-15 05:52:38.972324041 +0000 UTC m=+0.015647159
TIMEDOUT: 2023-10-15 06:02:38.958
