START: 2023-10-09 14:24:27.280
SEEDS: 2023-10-09 14:25:10.441
RUN: 2023-10-15 09:30:43.047
REACHED: 2023-10-15 09:30:43.063968791 +0000 UTC m=+0.011205160
TIMEDOUT: 2023-10-15 09:40:43.054
