START: 2023-10-08 17:04:52.496
SEEDS: 2023-10-08 17:05:11.165
RUN: 2023-10-13 22:25:13.874
REACHED: 2023-10-13 22:25:14.148875429 +0000 UTC m=+0.269737725
DONE: 2023-10-13 22:32:13.273
