START: 2023-10-08 16:39:42.909
SEEDS: 2023-10-08 16:39:55.182
RUN: 2023-10-13 23:35:04.526
REACHED: 2023-10-13 23:35:04.703275383 +0000 UTC m=+0.171718020
DONE: 2023-10-13 23:42:22.857
