START: 2023-09-18 09:36:05.589
SEEDS: 2023-09-18 09:36:26.485
RUN: 2023-10-12 15:24:11.945
REACHED: 2023-10-12 15:24:11.962911405 +0000 UTC m=+0.012596698
DONE: 2023-10-12 15:24:28.360
