START: 2023-10-06 19:53:51.318
SEEDS: 2023-10-06 19:56:28.452
RUN: 2023-10-16 16:05:59.730
REACHED: 2023-10-16 16:05:59.748976293 +0000 UTC m=+0.012992393
TIMEDOUT: 2023-10-16 16:15:59.737
