START: 2023-10-05 16:42:18.239
SEEDS: 2023-10-05 16:42:18.248
RUN: 2023-10-05 16:42:18.250
REACHED: 2023-10-05 16:42:18.264774048 +0000 UTC m=+0.009610615
TIMEDOUT: 2023-10-05 16:52:18.256
