START: 2023-10-11 19:17:34.893
SEEDS: 2023-10-11 19:19:35.973
RUN: 2023-10-12 14:39:00.954
REACHED: 2023-10-12 14:39:00.972032061 +0000 UTC m=+0.012395118
DONE: 2023-10-12 14:39:48.742
