START: 2023-09-20 10:11:24.233
SEEDS: 2023-09-20 10:11:30.294
RUN: 2023-10-12 16:33:44.161
REACHED: 2023-10-12 16:33:44.179120779 +0000 UTC m=+0.012525240
DONE: 2023-10-12 16:33:50.981
