START: 2023-10-10 17:04:41.693
SEEDS: 2023-10-10 17:04:41.702
RUN: 2023-10-10 17:04:41.704
REACHED: 2023-10-10 17:04:41.727150795 +0000 UTC m=+0.017859560
DONE: 2023-10-10 17:04:55.670
