START: 2023-10-10 14:24:52.885
RUN: 2023-10-10 14:24:52.887
REACHED: 2023-10-10 14:24:53.30155322 +0000 UTC m=+0.409196832
DONE: 2023-10-10 14:27:54.653
