START: 2023-10-10 10:44:33.436
SEEDS: 2023-10-10 10:45:13.650
RUN: 2023-10-13 08:33:18.432
REACHED: 2023-10-13 08:33:19.079183251 +0000 UTC m=+0.641847919
DONE: 2023-10-13 08:33:20.635
