START: 2023-09-25 14:44:06.103
SEEDS: 2023-09-25 14:44:21.502
RUN: 2023-10-12 16:13:58.296
REACHED: 2023-10-12 16:13:58.314188732 +0000 UTC m=+0.012448413
DONE: 2023-10-12 16:15:00.557
