START: 2023-10-10 10:52:34.905
SEEDS: 2023-10-10 10:53:10.647
RUN: 2023-10-15 16:55:22.725
REACHED: 2023-10-15 16:55:22.744884804 +0000 UTC m=+0.014014601
DONE: 2023-10-15 16:57:07.339
