START: 2023-10-04 17:44:55.783
SEEDS: 2023-10-04 17:47:11.300
RUN: 2023-10-18 19:10:10.881
REACHED: 2023-10-18 19:10:10.906899472 +0000 UTC m=+0.019958247
TIMEDOUT: 2023-10-18 19:20:10.888
