START: 2023-10-11 19:52:44.522
SEEDS: 2023-10-11 19:54:43.172
RUN: 2023-10-12 15:00:29.603
REACHED: 2023-10-12 15:00:29.621054478 +0000 UTC m=+0.012420974
DONE: 2023-10-12 15:01:36.483
