START: 2023-10-10 16:28:55.843
SEEDS: 2023-10-10 16:29:35.161
RUN: 2023-10-12 13:18:28.764
REACHED: 2023-10-12 13:18:28.782321018 +0000 UTC m=+0.012435965
DONE: 2023-10-12 13:19:17.266
