START: 2023-09-27 14:26:41.670
SEEDS: 2023-09-27 14:29:17.218
RUN: 2023-10-12 20:56:36.878
REACHED: 2023-10-12 20:56:36.897518736 +0000 UTC m=+0.013864347
DONE: 2023-10-12 20:57:15.660
