START: 2023-10-08 16:50:22.497
SEEDS: 2023-10-08 16:50:31.769
RUN: 2023-10-17 01:50:37.971
REACHED: 2023-10-17 01:50:37.992552805 +0000 UTC m=+0.015464589
TIMEDOUT: 2023-10-17 02:00:37.978
