START: 2023-10-11 20:37:49.537
SEEDS: 2023-10-11 20:39:49.007
RUN: 2023-10-13 17:01:53.649
REACHED: 2023-10-13 17:01:54.389516733 +0000 UTC m=+0.734489441
TIMEDOUT: 2023-10-13 17:11:53.656
