START: 2023-10-05 11:17:29.980
SEEDS: 2023-10-05 11:20:16.616
RUN: 2023-10-18 02:13:50.163
REACHED: 2023-10-18 02:13:50.182237974 +0000 UTC m=+0.013756846
TIMEDOUT: 2023-10-18 02:23:50.169
