START: 2023-09-29 13:16:40.769
SEEDS: 2023-09-29 13:23:26.247
RUN: 2023-10-12 22:09:10.686
REACHED: 2023-10-12 22:09:10.703930431 +0000 UTC m=+0.012575250
DONE: 2023-10-12 22:09:53.615
