START: 2023-10-05 15:52:55.904
SEEDS: 2023-10-05 15:55:42.250
RUN: 2023-10-18 09:09:28.847
REACHED: 2023-10-18 09:09:28.867680508 +0000 UTC m=+0.014778325
DONE: 2023-10-18 09:14:41.114
