START: 2023-10-10 17:00:02.221
SEEDS: 2023-10-10 17:00:32.827
RUN: 2023-10-14 23:39:38.501
REACHED: 2023-10-14 23:39:38.529302239 +0000 UTC m=+0.023037743
TIMEDOUT: 2023-10-14 23:49:38.507
