START: 2023-10-10 11:04:43.744
SEEDS: 2023-10-10 11:05:10.696
RUN: 2023-10-15 18:28:14.807
REACHED: 2023-10-15 18:28:14.828533314 +0000 UTC m=+0.015446445
TIMEDOUT: 2023-10-15 18:38:14.814
