START: 2023-10-08 19:20:29.411
SEEDS: 2023-10-08 19:21:30.337
RUN: 2023-10-16 05:54:51.804
REACHED: 2023-10-16 05:54:51.827503075 +0000 UTC m=+0.018000424
TIMEDOUT: 2023-10-16 06:04:51.810
