START: 2023-09-29 13:28:21.455
SEEDS: 2023-09-29 13:28:53.767
RUN: 2023-10-12 22:11:36.996
REACHED: 2023-10-12 22:11:37.013750029 +0000 UTC m=+0.012535733
DONE: 2023-10-12 22:13:17.415
