START: 2023-10-09 13:23:02.883
SEEDS: 2023-10-09 13:23:24.087
RUN: 2023-10-15 16:34:19.069
REACHED: 2023-10-15 16:34:19.088627714 +0000 UTC m=+0.013870613
DONE: 2023-10-15 16:35:22.679
