START: 2023-10-04 20:13:56.655
SEEDS: 2023-10-04 20:15:56.679
RUN: 2023-10-18 07:04:26.196
REACHED: 2023-10-18 07:04:26.21573542 +0000 UTC m=+0.014378657
DONE: 2023-10-18 07:07:14.920
