START: 2023-10-06 17:08:10.738
SEEDS: 2023-10-06 17:08:19.084
RUN: 2023-10-17 12:43:06.788
REACHED: 2023-10-17 12:43:06.807672161 +0000 UTC m=+0.014391193
TIMEDOUT: 2023-10-17 12:53:06.794
