START: 2023-10-06 17:15:19.214
SEEDS: 2023-10-06 17:15:36.784
RUN: 2023-10-14 06:13:25.016
REACHED: 2023-10-14 06:13:25.076623999 +0000 UTC m=+0.055384486
DONE: 2023-10-14 06:13:26.744
