START: 2023-10-06 17:22:47.513
SEEDS: 2023-10-06 17:23:02.169
RUN: 2023-10-17 17:35:57.790
REACHED: 2023-10-17 17:35:57.815346568 +0000 UTC m=+0.019540760
TIMEDOUT: 2023-10-17 17:45:57.797
