START: 2023-10-06 17:22:14.962
SEEDS: 2023-10-06 17:22:27.971
RUN: 2023-10-17 17:10:35.169
REACHED: 2023-10-17 17:10:35.191648716 +0000 UTC m=+0.017104682
TIMEDOUT: 2023-10-17 17:20:35.175
