START: 2023-10-10 19:04:33.885
SEEDS: 2023-10-10 19:05:55.991
RUN: 2023-10-14 20:02:48.885
REACHED: 2023-10-14 20:02:48.90970644 +0000 UTC m=+0.018625573
TIMEDOUT: 2023-10-14 20:12:48.892
