START: 2023-10-09 13:23:38.750
SEEDS: 2023-10-09 13:23:58.396
RUN: 2023-10-15 16:45:22.707
REACHED: 2023-10-15 16:45:22.731202939 +0000 UTC m=+0.018230963
TIMEDOUT: 2023-10-15 16:55:22.714
