START: 2023-10-11 17:49:16.062
SEEDS: 2023-10-11 17:53:30.188
RUN: 2023-10-16 11:40:38.953
REACHED: 2023-10-16 11:40:38.981396228 +0000 UTC m=+0.022555129
TIMEDOUT: 2023-10-16 11:50:38.960
