START: 2023-10-09 12:49:58.676
SEEDS: 2023-10-09 12:50:23.008
RUN: 2023-10-13 06:42:08.769
REACHED: 2023-10-13 06:42:10.089255527 +0000 UTC m=+1.314918172
DONE: 2023-10-13 06:48:47.438
