START: 2023-10-05 15:39:00.323
SEEDS: 2023-10-05 15:41:47.313
RUN: 2023-10-18 10:14:41.236
REACHED: 2023-10-18 10:14:41.256380463 +0000 UTC m=+0.014670809
TIMEDOUT: 2023-10-18 10:24:41.243
