START: 2023-10-08 17:07:03.772
SEEDS: 2023-10-08 17:07:12.781
RUN: 2023-10-13 22:49:36.195
REACHED: 2023-10-13 22:49:36.313512053 +0000 UTC m=+0.112923958
TIMEDOUT: 2023-10-13 22:59:36.202
