START: 2023-10-10 16:39:25.811
SEEDS: 2023-10-10 16:40:41.630
RUN: 2023-10-13 00:44:43.675
REACHED: 2023-10-13 00:44:43.699506498 +0000 UTC m=+0.018590575
DONE: 2023-10-13 00:44:50.262
