START: 2023-10-05 12:24:39.123
SEEDS: 2023-10-05 12:25:20.742
RUN: 2023-10-14 16:42:39.266
REACHED: 2023-10-14 16:42:40.112216538 +0000 UTC m=+0.840181333
DONE: 2023-10-14 16:50:53.392
