START: 2023-10-09 14:02:23.639
SEEDS: 2023-10-09 14:03:17.418
RUN: 2023-10-13 04:50:28.871
REACHED: 2023-10-13 04:50:28.903597343 +0000 UTC m=+0.026605557
DONE: 2023-10-13 04:51:44.322
