START: 2023-10-06 17:33:30.113
SEEDS: 2023-10-06 17:33:37.536
RUN: 2023-10-17 05:59:08.327
REACHED: 2023-10-17 05:59:08.342940121 +0000 UTC m=+0.009959679
TIMEDOUT: 2023-10-17 06:09:08.334
