START: 2023-10-10 16:31:26.432
SEEDS: 2023-10-10 16:31:49.424
RUN: 2023-10-12 13:21:11.709
REACHED: 2023-10-12 13:21:11.72792179 +0000 UTC m=+0.013025806
DONE: 2023-10-12 13:21:34.920
