START: 2023-10-06 17:13:39.604
SEEDS: 2023-10-06 17:13:52.990
RUN: 2023-10-14 05:12:50.348
REACHED: 2023-10-14 05:12:50.443911744 +0000 UTC m=+0.090437126
TIMEDOUT: 2023-10-14 05:22:50.355
