START: 2023-10-10 19:00:25.003
SEEDS: 2023-10-10 19:00:25.011
RUN: 2023-10-10 19:00:25.013
REACHED: 2023-10-10 19:00:25.028298924 +0000 UTC m=+0.009652258
TIMEDOUT: 2023-10-10 19:10:25.020
