START: 2023-10-08 17:13:04.006
SEEDS: 2023-10-08 17:13:11.274
RUN: 2023-10-16 22:37:39.550
REACHED: 2023-10-16 22:37:39.568777205 +0000 UTC m=+0.013376792
TIMEDOUT: 2023-10-16 22:47:39.556
