START: 2023-09-27 09:47:27.119
SEEDS: 2023-09-27 09:47:35.403
RUN: 2023-10-12 16:42:34.542
REACHED: 2023-10-12 16:42:34.559694863 +0000 UTC m=+0.012476564
DONE: 2023-10-12 16:42:38.297
