START: 2023-10-13 12:37:02.738
SEEDS: 2023-10-13 12:37:24.021
RUN: 2023-10-17 20:45:58.141
REACHED: 2023-10-17 20:45:58.161893066 +0000 UTC m=+0.015444949
TIMEDOUT: 2023-10-17 20:55:58.147
