START: 2023-10-10 17:01:23.134
SEEDS: 2023-10-10 17:01:45.652
RUN: 2023-10-15 00:09:38.556
REACHED: 2023-10-15 00:09:38.579118388 +0000 UTC m=+0.017725359
TIMEDOUT: 2023-10-15 00:19:38.563
