START: 2023-10-09 15:09:00.478
SEEDS: 2023-10-09 15:18:45.973
RUN: 2023-10-09 15:18:45.975
REACHED: 2023-10-09 15:18:45.996487806 +0000 UTC m=+0.016267499
DONE: 2023-10-09 15:23:20.812
