START: 2023-10-10 16:41:02.842
SEEDS: 2023-10-10 16:41:38.781
RUN: 2023-10-13 00:54:50.283
REACHED: 2023-10-13 00:54:50.580734273 +0000 UTC m=+0.292780299
TIMEDOUT: 2023-10-13 01:04:50.289
