START: 2023-10-04 17:26:45.917
SEEDS: 2023-10-04 17:28:58.939
RUN: 2023-10-18 17:55:37.403
REACHED: 2023-10-18 17:55:37.437556161 +0000 UTC m=+0.028770132
TIMEDOUT: 2023-10-18 18:05:37.410
