START: 2023-10-08 19:46:22.294
SEEDS: 2023-10-08 19:47:01.766
RUN: 2023-10-13 11:07:35.049
REACHED: 2023-10-13 11:07:35.379223678 +0000 UTC m=+0.325187584
DONE: 2023-10-13 11:08:10.296
