START: 2023-09-28 11:45:18.542
SEEDS: 2023-09-28 13:09:16.611
REACHED: 2023-09-28 13:09:16.628655024 +0000 UTC m=+0.012476957
DONE: 2023-09-28 13:10:08.469
