START: 2023-09-14 15:59:04.488
SEEDS: 2023-09-14 16:01:04.103
RUN: 2023-10-12 13:27:15.934
REACHED: 2023-10-12 13:27:15.952207412 +0000 UTC m=+0.012469665
DONE: 2023-10-12 13:27:44.643
