START: 2023-10-09 12:32:00.385
SEEDS: 2023-10-09 12:32:39.171
RUN: 2023-10-12 13:51:27.114
REACHED: 2023-10-12 13:51:27.131991089 +0000 UTC m=+0.012606033
DONE: 2023-10-12 13:51:30.331
