START: 2023-09-25 14:44:21.508
SEEDS: 2023-09-25 14:44:37.488
RUN: 2023-10-12 16:15:00.593
REACHED: 2023-10-12 16:15:00.611631983 +0000 UTC m=+0.012601528
DONE: 2023-10-12 16:15:52.596
