START: 2023-09-30 15:47:50.698
SEEDS: 2023-09-30 15:47:50.707
REACHED: 2023-09-30 15:47:50.767775628 +0000 UTC m=+0.055603129
DONE: 2023-09-30 15:48:43.742
