START: 2023-10-09 14:23:43.988
SEEDS: 2023-10-09 14:24:27.271
RUN: 2023-10-15 08:52:39.281
REACHED: 2023-10-15 08:52:39.299555638 +0000 UTC m=+0.013038723
DONE: 2023-10-15 09:00:42.981
