START: 2023-10-11 20:54:48.185
SEEDS: 2023-10-11 20:56:38.993
RUN: 2023-10-16 07:04:51.933
REACHED: 2023-10-16 07:04:51.952689143 +0000 UTC m=+0.014179875
TIMEDOUT: 2023-10-16 07:14:51.940
