START: 2023-10-11 21:09:22.038
SEEDS: 2023-10-11 21:11:10.349
RUN: 2023-10-16 07:54:52.023
REACHED: 2023-10-16 07:54:52.043220393 +0000 UTC m=+0.014026947
TIMEDOUT: 2023-10-16 08:04:52.030
