START: 2023-10-11 20:12:18.738
SEEDS: 2023-10-11 20:14:15.678
RUN: 2023-10-13 16:08:14.097
REACHED: 2023-10-13 16:08:14.193330908 +0000 UTC m=+0.090750839
DONE: 2023-10-13 16:08:14.840
