START: 2023-10-11 20:49:42.825
SEEDS: 2023-10-11 20:51:39.802
RUN: 2023-10-13 16:51:51.050
REACHED: 2023-10-13 16:51:51.274451857 +0000 UTC m=+0.219242491
DONE: 2023-10-13 16:51:52.477
