START: 2023-09-25 14:42:51.524
SEEDS: 2023-09-25 14:43:50.483
RUN: 2023-10-12 16:12:48.955
REACHED: 2023-10-12 16:12:48.973655999 +0000 UTC m=+0.012639778
DONE: 2023-10-12 16:13:37.345
