START: 2023-10-06 15:43:15.500
SEEDS: 2023-10-06 15:43:31.270
RUN: 2023-10-13 18:49:28.386
REACHED: 2023-10-13 18:49:28.555061994 +0000 UTC m=+0.163180695
TIMEDOUT: 2023-10-13 18:59:28.393
