START: 2023-10-04 20:00:00.850
SEEDS: 2023-10-04 20:00:49.828
RUN: 2023-10-18 05:54:26.066
REACHED: 2023-10-18 05:54:26.081872056 +0000 UTC m=+0.009995162
TIMEDOUT: 2023-10-18 06:04:26.073
