START: 2023-10-08 19:15:40.789
SEEDS: 2023-10-08 19:16:15.745
RUN: 2023-10-16 04:34:51.653
REACHED: 2023-10-16 04:34:51.676757169 +0000 UTC m=+0.017557395
TIMEDOUT: 2023-10-16 04:44:51.660
