START: 2023-10-06 17:29:42.371
SEEDS: 2023-10-06 17:29:50.930
RUN: 2023-10-14 01:52:21.760
REACHED: 2023-10-14 01:52:21.960399378 +0000 UTC m=+0.195366771
TIMEDOUT: 2023-10-14 02:02:21.766
