START: 2023-10-13 09:03:04.510
SEEDS: 2023-10-13 09:03:56.942
RUN: 2023-10-13 14:06:15.387
REACHED: 2023-10-13 14:06:15.405595171 +0000 UTC m=+0.012535470
DONE: 2023-10-13 14:07:31.123
