START: 2023-10-10 10:41:18.497
SEEDS: 2023-10-10 10:41:58.776
RUN: 2023-10-13 09:07:51.512
REACHED: 2023-10-13 09:07:51.874624861 +0000 UTC m=+0.357156792
DONE: 2023-10-13 09:10:12.071
