START: 2023-10-06 16:40:16.319
SEEDS: 2023-10-06 16:43:41.878
RUN: 2023-10-13 19:42:15.923
REACHED: 2023-10-13 19:42:16.221726241 +0000 UTC m=+0.292570741
TIMEDOUT: 2023-10-13 19:52:15.930
