START: 2023-10-10 10:55:45.033
SEEDS: 2023-10-10 10:56:19.516
RUN: 2023-10-15 20:24:50.744
REACHED: 2023-10-15 20:24:50.764421389 +0000 UTC m=+0.014485185
TIMEDOUT: 2023-10-15 20:34:50.751
