START: 2023-10-11 20:47:44.712
SEEDS: 2023-10-11 20:49:42.816
RUN: 2023-10-13 16:31:47.162
REACHED: 2023-10-13 16:31:48.008891476 +0000 UTC m=+0.841136798
DONE: 2023-10-13 16:31:49.477
