START: 2023-10-10 17:56:41.904
SEEDS: 2023-10-10 17:56:41.913
RUN: 2023-10-10 17:56:41.915
REACHED: 2023-10-10 17:56:42.011195013 +0000 UTC m=+0.091133866
DONE: 2023-10-10 17:59:05.437
