START: 2023-10-06 23:55:54.805
SEEDS: 2023-10-06 23:58:32.982
RUN: 2023-10-16 18:47:39.129
REACHED: 2023-10-16 18:47:39.149935228 +0000 UTC m=+0.015122911
TIMEDOUT: 2023-10-16 18:57:39.136
