START: 2023-10-11 15:04:54.143
SEEDS: 2023-10-11 15:11:37.941
RUN: 2023-10-12 15:11:29.111
REACHED: 2023-10-12 15:11:29.129221044 +0000 UTC m=+0.012591035
DONE: 2023-10-12 15:12:44.315
