START: 2023-10-10 18:45:43.239
SEEDS: 2023-10-10 18:47:03.030
RUN: 2023-10-14 19:42:48.849
REACHED: 2023-10-14 19:42:48.867682852 +0000 UTC m=+0.013126886
TIMEDOUT: 2023-10-14 19:52:48.855
