START: 2023-10-05 13:57:52.327
RUN: 2023-10-05 13:57:52.329
REACHED: 2023-10-05 13:57:52.352358016 +0000 UTC m=+0.018016364
TIMEDOUT: 2023-10-05 14:07:52.335
