START: 2023-10-06 17:06:09.602
SEEDS: 2023-10-06 17:06:17.577
RUN: 2023-10-17 10:38:53.697
REACHED: 2023-10-17 10:38:53.726464679 +0000 UTC m=+0.023446883
TIMEDOUT: 2023-10-17 10:48:53.704
