START: 2023-09-26 18:06:21.453
SEEDS: 2023-09-26 18:06:49.221
RUN: 2023-10-12 21:02:32.818
REACHED: 2023-10-12 21:02:32.836654187 +0000 UTC m=+0.012490345
DONE: 2023-10-12 21:02:57.089
