START: 2023-10-04 20:16:26.848
SEEDS: 2023-10-04 20:17:26.843
RUN: 2023-10-18 07:17:14.947
REACHED: 2023-10-18 07:17:14.967856737 +0000 UTC m=+0.014515207
TIMEDOUT: 2023-10-18 07:27:14.954
