START: 2023-10-08 19:44:17.344
SEEDS: 2023-10-08 19:44:52.295
RUN: 2023-10-12 14:17:20.962
REACHED: 2023-10-12 14:17:20.984166868 +0000 UTC m=+0.016791520
DONE: 2023-10-12 14:17:22.011
