START: 2023-09-14 15:25:11.210
SEEDS: 2023-09-14 15:36:06.274
RUN: 2023-10-12 13:24:20.317
REACHED: 2023-10-12 13:24:20.3350771 +0000 UTC m=+0.012462436
DONE: 2023-10-12 13:24:59.854
