START: 2023-10-06 23:28:38.126
SEEDS: 2023-10-06 23:31:16.034
RUN: 2023-10-16 18:32:13.617
REACHED: 2023-10-16 18:32:13.636643243 +0000 UTC m=+0.013486733
DONE: 2023-10-16 18:37:39.099
