START: 2023-09-29 15:18:04.643
REACHED: 2023-09-29 15:18:05.092065217 +0000 UTC m=+0.443598859
DONE: 2023-09-29 15:27:12.963
