START: 2023-10-09 12:26:27.174
SEEDS: 2023-10-09 12:28:01.452
RUN: 2023-10-12 13:49:13.997
REACHED: 2023-10-12 13:49:14.015617513 +0000 UTC m=+0.012580167
DONE: 2023-10-12 13:49:16.993
