START: 2023-10-10 13:51:46.165
RUN: 2023-10-10 13:51:46.166
REACHED: 2023-10-10 13:51:46.184419313 +0000 UTC m=+0.012556875
DONE: 2023-10-10 13:52:12.145
