START: 2023-10-10 17:22:49.917
SEEDS: 2023-10-10 17:24:18.902
RUN: 2023-10-12 13:05:00.616
REACHED: 2023-10-12 13:05:00.634174852 +0000 UTC m=+0.012471028
DONE: 2023-10-12 13:05:08.766
