START: 2023-09-27 14:37:23.300
SEEDS: 2023-09-27 14:40:04.563
RUN: 2023-10-12 20:50:44.253
REACHED: 2023-10-12 20:50:44.271003013 +0000 UTC m=+0.012538026
DONE: 2023-10-12 20:51:21.801
