START: 2023-10-10 16:01:41.808
RUN: 2023-10-10 16:01:41.810
REACHED: 2023-10-10 16:01:41.828606149 +0000 UTC m=+0.013557336
TIMEDOUT: 2023-10-10 16:11:41.816
