START: 2023-10-13 12:12:34.276
SEEDS: 2023-10-13 12:16:54.904
RUN: 2023-10-17 19:05:57.955
REACHED: 2023-10-17 19:05:57.974999186 +0000 UTC m=+0.013960027
TIMEDOUT: 2023-10-17 19:15:57.962
