START: 2023-09-14 09:59:05.878
REACHED: 2023-09-14 09:59:05.89445419 +0000 UTC m=+0.012442001
DONE: 2023-09-14 09:59:14.025
