START: 2023-10-05 10:46:55.854
SEEDS: 2023-10-05 10:49:42.494
RUN: 2023-10-17 23:23:49.851
REACHED: 2023-10-17 23:23:49.870262255 +0000 UTC m=+0.013952254
TIMEDOUT: 2023-10-17 23:33:49.857
