START: 2023-09-29 11:20:29.044
SEEDS: 2023-09-29 11:23:10.735
RUN: 2023-10-12 21:18:22.489
REACHED: 2023-10-12 21:18:22.507453373 +0000 UTC m=+0.012589525
DONE: 2023-10-12 21:18:42.177
