START: 2023-10-07 11:03:23.602
SEEDS: 2023-10-07 11:03:42.408
RUN: 2023-10-15 07:52:39.172
REACHED: 2023-10-15 07:52:39.187944814 +0000 UTC m=+0.010170630
TIMEDOUT: 2023-10-15 08:02:39.179
