START: 2023-10-11 21:41:49.681
SEEDS: 2023-10-11 21:43:37.750
RUN: 2023-10-16 10:40:38.844
REACHED: 2023-10-16 10:40:38.859373125 +0000 UTC m=+0.010103265
TIMEDOUT: 2023-10-16 10:50:38.850
