START: 2023-10-09 14:00:37.971
SEEDS: 2023-10-09 14:01:30.545
RUN: 2023-10-13 04:20:52.687
REACHED: 2023-10-13 04:20:53.646385527 +0000 UTC m=+0.954135178
DONE: 2023-10-13 04:20:56.476
