START: 2023-10-10 16:47:23.217
SEEDS: 2023-10-10 16:48:00.128
RUN: 2023-10-13 01:39:57.501
REACHED: 2023-10-13 01:39:58.074071425 +0000 UTC m=+0.567582833
TIMEDOUT: 2023-10-13 01:49:57.508
