START: 2023-10-11 20:52:53.815
SEEDS: 2023-10-11 20:54:48.176
RUN: 2023-10-16 06:24:51.860
REACHED: 2023-10-16 06:24:51.878990727 +0000 UTC m=+0.013667362
TIMEDOUT: 2023-10-16 06:34:51.866
