START: 2023-10-05 13:22:45.809
SEEDS: 2023-10-05 13:23:34.814
RUN: 2023-10-18 15:28:52.729
REACHED: 2023-10-18 15:28:52.748604962 +0000 UTC m=+0.013687129
TIMEDOUT: 2023-10-18 15:38:52.736
