START: 2023-10-10 15:21:41.715
RUN: 2023-10-10 15:21:41.717
REACHED: 2023-10-10 15:21:41.742230723 +0000 UTC m=+0.019788361
TIMEDOUT: 2023-10-10 15:31:41.723
