START: 2023-09-14 16:21:43.517
SEEDS: 2023-09-14 16:23:30.635
RUN: 2023-10-12 13:29:42.597
REACHED: 2023-10-12 13:29:42.614718344 +0000 UTC m=+0.012510929
DONE: 2023-10-12 13:30:49.099
