START: 2023-10-10 15:51:41.785
RUN: 2023-10-10 15:51:41.787
REACHED: 2023-10-10 15:51:41.810107451 +0000 UTC m=+0.017798743
TIMEDOUT: 2023-10-10 16:01:41.794
