START: 2023-10-13 08:30:44.433
SEEDS: 2023-10-13 08:32:58.038
RUN: 2023-10-13 13:59:35.671
REACHED: 2023-10-13 13:59:35.689516346 +0000 UTC m=+0.012429680
DONE: 2023-10-13 14:00:21.947
