START: 2023-10-04 19:11:41.672
SEEDS: 2023-10-04 19:12:23.140
RUN: 2023-10-14 12:23:52.873
REACHED: 2023-10-14 12:23:53.499114802 +0000 UTC m=+0.620283693
TIMEDOUT: 2023-10-14 12:33:52.880
