START: 2023-10-04 15:33:40.571
SEEDS: 2023-10-04 15:37:43.774
RUN: 2023-10-14 17:11:55.297
REACHED: 2023-10-14 17:11:55.471215978 +0000 UTC m=+0.168640605
TIMEDOUT: 2023-10-14 17:21:55.304
