START: 2023-10-08 17:08:31.380
SEEDS: 2023-10-08 17:08:50.353
RUN: 2023-10-13 22:42:13.295
REACHED: 2023-10-13 22:42:13.388391445 +0000 UTC m=+0.088120067
DONE: 2023-10-13 22:42:27.438
