START: 2023-09-29 13:08:56.325
SEEDS: 2023-09-29 13:09:30.098
RUN: 2023-10-12 22:07:36.962
REACHED: 2023-10-12 22:07:36.984910632 +0000 UTC m=+0.017061381
DONE: 2023-10-12 22:07:50.099
