START: 2023-09-28 15:58:22.189
SEEDS: 2023-09-28 17:22:22.754
REACHED: 2023-09-28 17:22:22.772315313 +0000 UTC m=+0.012509991
DONE: 2023-09-28 17:22:47.773
