START: 2023-10-10 17:44:53.511
SEEDS: 2023-10-10 17:44:53.519
RUN: 2023-10-10 17:44:53.521
REACHED: 2023-10-10 17:44:53.633104425 +0000 UTC m=+0.106600164
DONE: 2023-10-10 17:44:55.223
