START: 2023-10-11 18:08:31.844
SEEDS: 2023-10-11 18:10:57.472
RUN: 2023-10-16 12:55:59.376
REACHED: 2023-10-16 12:55:59.395097924 +0000 UTC m=+0.013732999
TIMEDOUT: 2023-10-16 13:05:59.382
