START: 2023-10-10 16:11:41.832
RUN: 2023-10-10 16:11:41.834
REACHED: 2023-10-10 16:11:41.853357263 +0000 UTC m=+0.014271147
DONE: 2023-10-10 16:18:10.086
