START: 2023-10-10 18:02:41.962
SEEDS: 2023-10-10 18:04:11.020
RUN: 2023-10-12 23:01:33.590
REACHED: 2023-10-12 23:01:33.762010723 +0000 UTC m=+0.166696128
DONE: 2023-10-12 23:03:20.975
