START: 2023-10-10 17:56:28.733
SEEDS: 2023-10-10 17:57:57.662
RUN: 2023-10-12 13:06:51.164
REACHED: 2023-10-12 13:06:51.182317741 +0000 UTC m=+0.012476712
DONE: 2023-10-12 13:07:35.103
