START: 2023-10-08 20:04:27.500
SEEDS: 2023-10-08 20:04:59.498
RUN: 2023-10-15 21:44:50.891
REACHED: 2023-10-15 21:44:50.915634881 +0000 UTC m=+0.018555278
TIMEDOUT: 2023-10-15 21:54:50.898
