START: 2023-10-06 17:05:36.096
SEEDS: 2023-10-06 17:05:43.743
RUN: 2023-10-17 09:58:53.624
REACHED: 2023-10-17 09:58:53.644370255 +0000 UTC m=+0.015068277
TIMEDOUT: 2023-10-17 10:08:53.630
