START: 2023-10-06 17:07:11.062
SEEDS: 2023-10-06 17:07:22.777
RUN: 2023-10-17 11:38:53.808
REACHED: 2023-10-17 11:38:53.830329751 +0000 UTC m=+0.016713233
TIMEDOUT: 2023-10-17 11:48:53.815
