START: 2023-09-29 11:31:19.064
SEEDS: 2023-09-29 11:33:48.222
RUN: 2023-10-12 21:14:15.224
REACHED: 2023-10-12 21:14:15.242195647 +0000 UTC m=+0.012869397
DONE: 2023-10-12 21:15:06.260
