START: 2023-10-06 17:33:37.544
SEEDS: 2023-10-06 17:33:45.140
RUN: 2023-10-17 06:36:46.005
REACHED: 2023-10-17 06:36:46.025025981 +0000 UTC m=+0.014897441
TIMEDOUT: 2023-10-17 06:46:46.011
