START: 2023-09-27 14:07:35.591
SEEDS: 2023-09-27 14:10:18.754
RUN: 2023-10-12 20:56:30.271
REACHED: 2023-10-12 20:56:30.289127324 +0000 UTC m=+0.012679261
DONE: 2023-10-12 20:56:36.414
