START: 2023-10-09 13:20:35.908
SEEDS: 2023-10-09 13:20:58.741
RUN: 2023-10-15 16:04:19.013
REACHED: 2023-10-15 16:04:19.03298738 +0000 UTC m=+0.013917194
TIMEDOUT: 2023-10-15 16:14:19.020
