START: 2023-10-10 11:06:10.809
SEEDS: 2023-10-10 11:06:43.173
RUN: 2023-10-15 20:20:43.408
REACHED: 2023-10-15 20:20:43.432126528 +0000 UTC m=+0.018479297
DONE: 2023-10-15 20:24:50.733
