START: 2023-10-05 12:08:28.218
SEEDS: 2023-10-05 12:09:09.350
RUN: 2023-10-14 15:56:54.331
REACHED: 2023-10-14 15:56:54.472804922 +0000 UTC m=+0.135961774
DONE: 2023-10-14 15:56:56.123
