START: 2023-10-08 17:12:39.102
SEEDS: 2023-10-08 17:12:51.597
RUN: 2023-10-16 21:17:39.403
REACHED: 2023-10-16 21:17:39.42384718 +0000 UTC m=+0.015182235
TIMEDOUT: 2023-10-16 21:27:39.410
