START: 2023-10-10 18:48:23.629
SEEDS: 2023-10-10 18:49:43.829
RUN: 2023-10-14 20:59:38.203
REACHED: 2023-10-14 20:59:38.221794507 +0000 UTC m=+0.012756286
TIMEDOUT: 2023-10-14 21:09:38.210
