START: 2023-10-09 13:54:10.417
SEEDS: 2023-10-09 13:55:04.454
RUN: 2023-10-13 04:10:52.670
REACHED: 2023-10-13 04:10:52.855744653 +0000 UTC m=+0.180364433
TIMEDOUT: 2023-10-13 04:20:52.676
