START: 2023-10-10 17:45:08.067
SEEDS: 2023-10-10 17:45:08.076
RUN: 2023-10-10 17:45:08.077
REACHED: 2023-10-10 17:45:08.106166045 +0000 UTC m=+0.023512036
DONE: 2023-10-10 17:54:10.988
