START: 2023-10-06 17:21:25.835
SEEDS: 2023-10-06 17:21:43.869
RUN: 2023-10-17 16:39:42.406
REACHED: 2023-10-17 16:39:42.42604028 +0000 UTC m=+0.014454925
TIMEDOUT: 2023-10-17 16:49:42.413
