START: 2023-10-09 08:26:57.054
SEEDS: 2023-10-09 08:41:30.896
RUN: 2023-10-09 08:41:30.897
REACHED: 2023-10-09 08:41:30.922290685 +0000 UTC m=+0.019359715
TIMEDOUT: 2023-10-09 08:51:30.904
