START: 2023-10-08 18:39:09.552
SEEDS: 2023-10-08 18:39:35.680
RUN: 2023-10-12 14:17:23.233
REACHED: 2023-10-12 14:17:23.250897879 +0000 UTC m=+0.012467093
DONE: 2023-10-12 14:17:52.068
