START: 2023-10-10 19:19:20.800
SEEDS: 2023-10-10 19:20:40.896
RUN: 2023-10-14 22:49:38.407
REACHED: 2023-10-14 22:49:38.4266894 +0000 UTC m=+0.013552733
TIMEDOUT: 2023-10-14 22:59:38.414
