START: 2023-10-08 16:52:23.305
SEEDS: 2023-10-08 16:53:13.144
RUN: 2023-10-17 03:10:38.119
REACHED: 2023-10-17 03:10:38.139307061 +0000 UTC m=+0.014884275
TIMEDOUT: 2023-10-17 03:20:38.126
