START: 2023-10-11 14:47:58.880
SEEDS: 2023-10-11 14:48:38.794
RUN: 2023-10-12 15:08:55.167
REACHED: 2023-10-12 15:08:55.185224307 +0000 UTC m=+0.012505147
DONE: 2023-10-12 15:09:06.176
