START: 2023-10-10 16:35:22.857
SEEDS: 2023-10-10 16:35:46.458
RUN: 2023-10-12 13:23:13.777
REACHED: 2023-10-12 13:23:13.795206278 +0000 UTC m=+0.012410052
DONE: 2023-10-12 13:23:38.537
