START: 2023-10-05 13:13:57.055
SEEDS: 2023-10-05 13:14:46.537
RUN: 2023-10-18 14:48:52.657
REACHED: 2023-10-18 14:48:52.681739427 +0000 UTC m=+0.019372328
TIMEDOUT: 2023-10-18 14:58:52.663
