START: 2023-09-28 04:41:28.594
SEEDS: 2023-09-28 06:06:46.349
REACHED: 2023-09-28 06:06:46.367303141 +0000 UTC m=+0.012569551
DONE: 2023-09-28 06:06:59.020
