START: 2023-09-20 09:59:55.702
SEEDS: 2023-09-20 10:00:02.687
RUN: 2023-10-12 16:25:36.282
REACHED: 2023-10-12 16:25:36.299798192 +0000 UTC m=+0.012527985
DONE: 2023-10-12 16:26:16.978
