START: 2023-10-06 17:16:27.282
SEEDS: 2023-10-06 17:16:38.613
RUN: 2023-10-14 06:32:01.504
REACHED: 2023-10-14 06:32:01.798940059 +0000 UTC m=+0.289634522
DONE: 2023-10-14 06:32:03.059
