START: 2023-10-05 12:05:46.723
SEEDS: 2023-10-05 12:06:28.412
RUN: 2023-10-14 15:54:49.249
REACHED: 2023-10-14 15:54:49.48750651 +0000 UTC m=+0.232684985
DONE: 2023-10-14 15:56:47.697
