START: 2023-10-09 12:40:23.357
SEEDS: 2023-10-09 12:41:09.322
RUN: 2023-10-13 05:23:03.421
REACHED: 2023-10-13 05:23:03.491090495 +0000 UTC m=+0.064929934
DONE: 2023-10-13 05:25:22.781
