START: 2023-09-29 13:47:13.725
SEEDS: 2023-09-29 13:51:52.342
RUN: 2023-10-12 22:15:15.483
REACHED: 2023-10-12 22:15:15.506649809 +0000 UTC m=+0.017965423
DONE: 2023-10-12 22:15:26.247
