START: 2023-09-27 15:53:43.189
SEEDS: 2023-09-27 17:17:42.505
REACHED: 2023-09-27 17:17:42.523535852 +0000 UTC m=+0.012487402
DONE: 2023-09-27 17:18:17.886
