START: 2023-10-10 10:33:16.341
SEEDS: 2023-10-10 10:33:50.436
RUN: 2023-10-12 14:10:55.030
REACHED: 2023-10-12 14:10:55.048901824 +0000 UTC m=+0.013440595
DONE: 2023-10-12 14:11:32.962
