START: 2023-10-06 18:30:23.939
SEEDS: 2023-10-06 18:33:03.481
RUN: 2023-10-16 15:15:59.638
REACHED: 2023-10-16 15:15:59.657413843 +0000 UTC m=+0.013510418
TIMEDOUT: 2023-10-16 15:25:59.645
