START: 2023-10-08 20:14:11.218
SEEDS: 2023-10-08 20:14:43.663
RUN: 2023-10-16 00:44:51.221
REACHED: 2023-10-16 00:44:51.237947723 +0000 UTC m=+0.010868532
TIMEDOUT: 2023-10-16 00:54:51.228
