START: 2023-10-08 13:43:10.574
SEEDS: 2023-10-08 15:08:38.637
RUN: 2023-10-08 15:08:38.639
REACHED: 2023-10-08 15:08:38.91816832 +0000 UTC m=+0.274198846
DONE: 2023-10-08 15:09:14.992
