START: 2023-10-10 17:09:09.799
SEEDS: 2023-10-10 17:10:22.792
RUN: 2023-10-15 02:04:16.997
REACHED: 2023-10-15 02:04:17.017766592 +0000 UTC m=+0.014728791
TIMEDOUT: 2023-10-15 02:14:17.004
