START: 2023-10-11 21:00:14.962
SEEDS: 2023-10-11 21:02:03.386
RUN: 2023-10-16 09:00:08.855
REACHED: 2023-10-16 09:00:08.883798732 +0000 UTC m=+0.023082960
TIMEDOUT: 2023-10-16 09:10:08.862
