START: 2023-10-05 14:37:52.420
RUN: 2023-10-05 14:37:52.421
REACHED: 2023-10-05 14:37:52.446206089 +0000 UTC m=+0.019511190
TIMEDOUT: 2023-10-05 14:47:52.428
