START: 2023-10-10 17:30:30.599
SEEDS: 2023-10-10 17:31:58.692
RUN: 2023-10-12 13:00:48.022
REACHED: 2023-10-12 13:00:48.040136967 +0000 UTC m=+0.012539983
DONE: 2023-10-12 13:01:00.210
