START: 2023-10-10 18:28:08.635
SEEDS: 2023-10-10 18:29:37.223
RUN: 2023-10-12 23:48:54.415
REACHED: 2023-10-12 23:48:54.813101805 +0000 UTC m=+0.392445734
DONE: 2023-10-12 23:48:55.749
