START: 2023-10-05 14:48:55.963
SEEDS: 2023-10-05 14:51:44.977
RUN: 2023-10-18 07:27:14.966
REACHED: 2023-10-18 07:27:14.991904641 +0000 UTC m=+0.020355244
TIMEDOUT: 2023-10-18 07:37:14.973
