START: 2023-10-11 17:25:29.252
SEEDS: 2023-10-11 17:28:04.189
RUN: 2023-10-16 11:10:38.899
REACHED: 2023-10-16 11:10:38.916087075 +0000 UTC m=+0.011689555
TIMEDOUT: 2023-10-16 11:20:38.905
