START: 2023-09-25 14:44:37.495
SEEDS: 2023-09-25 14:45:38.226
RUN: 2023-10-12 16:15:52.624
REACHED: 2023-10-12 16:15:52.642713559 +0000 UTC m=+0.013085776
DONE: 2023-10-12 16:22:31.148
