START: 2023-10-09 05:29:45.670
SEEDS: 2023-10-09 05:37:48.952
RUN: 2023-10-09 05:37:48.953
REACHED: 2023-10-09 05:37:48.97408074 +0000 UTC m=+0.015229722
TIMEDOUT: 2023-10-09 05:47:48.960
