START: 2023-10-13 11:11:53.830
SEEDS: 2023-10-13 11:14:05.889
RUN: 2023-10-14 08:32:13.363
REACHED: 2023-10-14 08:32:13.538528 +0000 UTC m=+0.169641726
DONE: 2023-10-14 08:35:15.257
