START: 2023-10-09 13:05:39.807
SEEDS: 2023-10-09 13:07:20.685
RUN: 2023-10-15 13:30:43.489
REACHED: 2023-10-15 13:30:43.515518746 +0000 UTC m=+0.020473467
DONE: 2023-10-15 13:31:55.315
