START: 2023-09-27 09:57:47.633
SEEDS: 2023-09-27 09:58:05.146
RUN: 2023-10-12 16:52:33.566
REACHED: 2023-10-12 16:52:33.584534041 +0000 UTC m=+0.012559541
DONE: 2023-10-12 16:52:35.211
