START: 2023-09-29 11:41:53.838
SEEDS: 2023-09-29 11:44:34.782
RUN: 2023-10-12 21:21:18.988
REACHED: 2023-10-12 21:21:19.005808494 +0000 UTC m=+0.012462600
DONE: 2023-10-12 21:21:54.674
