START: 2023-09-14 17:02:26.772
SEEDS: 2023-09-14 17:07:13.298
RUN: 2023-10-12 13:34:49.755
REACHED: 2023-10-12 13:34:49.773414302 +0000 UTC m=+0.013162410
DONE: 2023-10-12 13:35:26.235
