START: 2023-10-10 20:07:19.813
SEEDS: 2023-10-10 20:07:19.822
RUN: 2023-10-10 20:07:19.823
REACHED: 2023-10-10 20:07:19.838376651 +0000 UTC m=+0.009525591
TIMEDOUT: 2023-10-10 20:17:19.830
