START: 2023-09-27 09:54:18.024
SEEDS: 2023-09-27 09:54:26.307
RUN: 2023-10-12 16:50:14.933
REACHED: 2023-10-12 16:50:14.9510001 +0000 UTC m=+0.012562433
DONE: 2023-10-12 16:50:47.888
