START: 2023-10-04 15:28:44.570
SEEDS: 2023-10-04 15:33:40.564
RUN: 2023-10-14 17:10:40.302
REACHED: 2023-10-14 17:10:40.354461329 +0000 UTC m=+0.046821870
DONE: 2023-10-14 17:11:55.290
