START: 2023-10-06 19:07:12.433
SEEDS: 2023-10-06 19:10:06.839
RUN: 2023-10-16 15:35:59.675
REACHED: 2023-10-16 15:35:59.694795342 +0000 UTC m=+0.014405380
TIMEDOUT: 2023-10-16 15:45:59.681
