START: 2023-10-09 12:48:15.872
SEEDS: 2023-10-09 12:48:45.084
RUN: 2023-10-13 06:11:29.391
REACHED: 2023-10-13 06:11:29.607271204 +0000 UTC m=+0.210421696
DONE: 2023-10-13 06:21:02.370
