START: 2023-10-11 21:27:23.564
SEEDS: 2023-10-11 21:29:12.044
RUN: 2023-10-16 10:00:08.965
REACHED: 2023-10-16 10:00:08.990303562 +0000 UTC m=+0.019548899
TIMEDOUT: 2023-10-16 10:10:08.972
