START: 2023-10-09 12:26:05.478
SEEDS: 2023-10-09 12:26:27.162
RUN: 2023-10-12 13:48:48.514
REACHED: 2023-10-12 13:48:48.532515153 +0000 UTC m=+0.012393082
DONE: 2023-10-12 13:49:13.969
