START: 2023-10-04 19:20:37.461
SEEDS: 2023-10-04 19:21:07.959
RUN: 2023-10-14 12:39:38.844
REACHED: 2023-10-14 12:39:38.910408895 +0000 UTC m=+0.061216258
DONE: 2023-10-14 12:39:40.294
