START: 2023-10-07 14:12:31.134
SEEDS: 2023-10-07 15:26:31.467
RUN: 2023-10-07 15:26:31.468
REACHED: 2023-10-07 15:26:31.577744232 +0000 UTC m=+0.104088390
DONE: 2023-10-07 15:32:28.528
