START: 2023-10-10 17:47:20.931
SEEDS: 2023-10-10 17:48:52.032
RUN: 2023-10-12 13:07:41.781
REACHED: 2023-10-12 13:07:41.799729395 +0000 UTC m=+0.012523113
DONE: 2023-10-12 13:08:47.855
