START: 2023-10-11 21:23:48.088
SEEDS: 2023-10-11 21:25:35.705
RUN: 2023-10-16 08:40:08.818
REACHED: 2023-10-16 08:40:08.844698463 +0000 UTC m=+0.021404102
TIMEDOUT: 2023-10-16 08:50:08.824
