START: 2023-10-11 17:53:30.198
SEEDS: 2023-10-11 17:53:47.400
RUN: 2023-10-16 11:50:38.971
REACHED: 2023-10-16 11:50:38.997145351 +0000 UTC m=+0.020191211
TIMEDOUT: 2023-10-16 12:00:38.978
