START: 2023-10-09 13:11:37.101
SEEDS: 2023-10-09 13:13:19.390
RUN: 2023-10-15 14:14:18.806
REACHED: 2023-10-15 14:14:18.825114879 +0000 UTC m=+0.013817118
TIMEDOUT: 2023-10-15 14:24:18.812
