START: 2023-10-09 12:52:59.658
SEEDS: 2023-10-09 12:53:39.001
RUN: 2023-10-13 07:01:52.699
REACHED: 2023-10-13 07:01:52.855846975 +0000 UTC m=+0.151097957
DONE: 2023-10-13 07:01:53.401
