START: 2023-10-05 10:02:24.699
SEEDS: 2023-10-05 10:05:09.991
RUN: 2023-10-14 11:06:14.533
REACHED: 2023-10-14 11:06:15.182185472 +0000 UTC m=+0.643574812
DONE: 2023-10-14 11:06:16.746
