START: 2023-10-09 12:55:18.376
SEEDS: 2023-10-09 12:55:58.428
RUN: 2023-10-13 07:12:44.874
REACHED: 2023-10-13 07:12:44.966742494 +0000 UTC m=+0.087737045
TIMEDOUT: 2023-10-13 07:22:44.880
