START: 2023-10-06 16:46:01.042
SEEDS: 2023-10-06 16:46:09.261
RUN: 2023-10-14 03:29:39.868
REACHED: 2023-10-14 03:29:40.0824535 +0000 UTC m=+0.209039262
TIMEDOUT: 2023-10-14 03:39:39.875
