START: 2023-10-10 15:31:41.739
RUN: 2023-10-10 15:31:41.741
REACHED: 2023-10-10 15:31:41.760639937 +0000 UTC m=+0.014452931
TIMEDOUT: 2023-10-10 15:41:41.747
