START: 2023-10-09 13:35:16.774
SEEDS: 2023-10-09 13:36:12.190
RUN: 2023-10-12 13:41:05.619
REACHED: 2023-10-12 13:41:05.63726843 +0000 UTC m=+0.012455036
DONE: 2023-10-12 13:41:56.355
