START: 2023-10-11 19:54:43.181
SEEDS: 2023-10-11 19:55:55.418
RUN: 2023-10-12 15:02:48.329
REACHED: 2023-10-12 15:02:48.347501275 +0000 UTC m=+0.012489242
DONE: 2023-10-12 15:03:03.044
