START: 2023-10-09 13:43:02.624
SEEDS: 2023-10-09 13:43:55.956
RUN: 2023-10-12 13:44:40.807
REACHED: 2023-10-12 13:44:40.825519824 +0000 UTC m=+0.012596991
DONE: 2023-10-12 13:45:14.890
