START: 2023-10-11 20:41:50.120
SEEDS: 2023-10-11 20:43:48.264
RUN: 2023-10-13 16:05:14.445
REACHED: 2023-10-13 16:05:14.757035879 +0000 UTC m=+0.306036314
DONE: 2023-10-13 16:05:20.182
