START: 2023-10-06 16:16:21.783
SEEDS: 2023-10-06 16:16:33.423
RUN: 2023-10-13 19:28:44.515
REACHED: 2023-10-13 19:28:44.577051466 +0000 UTC m=+0.056799839
DONE: 2023-10-13 19:31:32.908
