START: 2023-10-06 16:45:05.076
SEEDS: 2023-10-06 16:45:20.324
RUN: 2023-10-14 02:50:22.248
REACHED: 2023-10-14 02:50:22.512081608 +0000 UTC m=+0.258359837
TIMEDOUT: 2023-10-14 03:00:22.255
