START: 2023-09-25 11:53:05.887
SEEDS: 2023-09-25 11:53:12.072
REACHED: 2023-09-25 11:53:12.090680021 +0000 UTC m=+0.012575728
DONE: 2023-09-25 11:53:49.473
