START: 2023-10-04 19:59:06.472
SEEDS: 2023-10-04 20:00:00.843
RUN: 2023-10-18 05:44:26.048
REACHED: 2023-10-18 05:44:26.065097591 +0000 UTC m=+0.011568920
TIMEDOUT: 2023-10-18 05:54:26.055
