START: 2023-10-05 14:57:17.711
SEEDS: 2023-10-05 15:00:03.794
RUN: 2023-10-18 09:14:41.126
REACHED: 2023-10-18 09:14:41.147797669 +0000 UTC m=+0.016481152
TIMEDOUT: 2023-10-18 09:24:41.132
