START: 2023-10-10 10:56:57.058
SEEDS: 2023-10-10 10:57:24.220
RUN: 2023-10-15 17:37:07.422
REACHED: 2023-10-15 17:37:07.442680889 +0000 UTC m=+0.014491137
TIMEDOUT: 2023-10-15 17:47:07.429
