START: 2023-10-11 15:11:37.952
SEEDS: 2023-10-11 15:13:50.682
RUN: 2023-10-12 15:12:44.346
REACHED: 2023-10-12 15:12:44.364091898 +0000 UTC m=+0.012506430
DONE: 2023-10-12 15:14:19.519
