START: 2023-10-10 17:24:18.911
SEEDS: 2023-10-10 17:25:47.666
RUN: 2023-10-12 13:07:35.130
REACHED: 2023-10-12 13:07:35.148758151 +0000 UTC m=+0.012508943
DONE: 2023-10-12 13:07:39.302
