START: 2023-09-14 14:37:02.071
SEEDS: 2023-09-14 14:37:02.081
REACHED: 2023-09-14 14:37:02.100190291 +0000 UTC m=+0.013736406
DONE: 2023-09-14 14:37:08.156
