START: 2023-10-11 21:22:00.494
SEEDS: 2023-10-11 21:23:48.078
RUN: 2023-10-16 08:04:52.042
REACHED: 2023-10-16 08:04:52.064456135 +0000 UTC m=+0.016364822
TIMEDOUT: 2023-10-16 08:14:52.049
