START: 2023-10-06 17:18:30.001
SEEDS: 2023-10-06 17:18:37.283
RUN: 2023-10-17 14:19:06.732
REACHED: 2023-10-17 14:19:06.75299337 +0000 UTC m=+0.014875584
TIMEDOUT: 2023-10-17 14:29:06.739
