START: 2023-10-08 16:50:42.945
SEEDS: 2023-10-08 16:50:56.885
RUN: 2023-10-17 02:10:38.008
REACHED: 2023-10-17 02:10:38.032584479 +0000 UTC m=+0.019185277
TIMEDOUT: 2023-10-17 02:20:38.014
