START: 2023-10-13 08:53:54.842
SEEDS: 2023-10-13 09:00:51.518
RUN: 2023-10-13 14:04:24.343
REACHED: 2023-10-13 14:04:24.361189642 +0000 UTC m=+0.012538158
DONE: 2023-10-13 14:06:15.279
