START: 2023-10-09 12:34:24.854
SEEDS: 2023-10-09 12:35:03.785
RUN: 2023-10-12 13:53:08.647
REACHED: 2023-10-12 13:53:08.665056707 +0000 UTC m=+0.012667816
DONE: 2023-10-12 13:53:24.864
