START: 2023-10-06 17:04:59.892
SEEDS: 2023-10-06 17:05:09.897
RUN: 2023-10-17 09:18:53.551
REACHED: 2023-10-17 09:18:53.572735388 +0000 UTC m=+0.016074619
TIMEDOUT: 2023-10-17 09:28:53.558
