START: 2023-10-06 17:06:17.586
SEEDS: 2023-10-06 17:06:26.216
RUN: 2023-10-17 10:48:53.715
REACHED: 2023-10-17 10:48:53.740221151 +0000 UTC m=+0.019248907
TIMEDOUT: 2023-10-17 10:58:53.722
