START: 2023-10-08 17:02:32.151
SEEDS: 2023-10-08 17:02:51.339
RUN: 2023-10-13 22:00:49.537
REACHED: 2023-10-13 22:00:49.640449685 +0000 UTC m=+0.098359205
TIMEDOUT: 2023-10-13 22:10:49.543
