START: 2023-09-18 09:59:13.076
SEEDS: 2023-09-18 09:59:29.458
RUN: 2023-10-12 15:36:59.357
REACHED: 2023-10-12 15:36:59.37516182 +0000 UTC m=+0.012597455
DONE: 2023-10-12 15:37:55.545
