START: 2023-10-05 14:01:57.139
SEEDS: 2023-10-05 14:04:44.093
RUN: 2023-10-14 15:04:49.865
REACHED: 2023-10-14 15:04:50.366848428 +0000 UTC m=+0.495703190
DONE: 2023-10-14 15:05:47.068
