START: 2023-10-10 11:03:09.474
SEEDS: 2023-10-10 11:03:41.668
RUN: 2023-10-15 20:44:50.781
REACHED: 2023-10-15 20:44:50.801758094 +0000 UTC m=+0.015054589
TIMEDOUT: 2023-10-15 20:54:50.788
