START: 2023-10-08 18:58:11.878
SEEDS: 2023-10-08 18:58:37.442
RUN: 2023-10-13 13:38:11.950
REACHED: 2023-10-13 13:38:12.22583081 +0000 UTC m=+0.270300769
DONE: 2023-10-13 13:42:03.224
