START: 2023-10-10 10:18:11.928
SEEDS: 2023-10-10 10:18:52.409
RUN: 2023-10-12 14:03:53.839
REACHED: 2023-10-12 14:03:53.856994711 +0000 UTC m=+0.012572070
DONE: 2023-10-12 14:04:49.102
