START: 2023-10-07 03:07:49.782
SEEDS: 2023-10-07 03:13:02.361
RUN: 2023-10-13 02:28:13.029
REACHED: 2023-10-13 02:28:13.164779949 +0000 UTC m=+0.130043364
TIMEDOUT: 2023-10-13 02:38:13.036
