START: 2023-10-08 18:59:04.161
SEEDS: 2023-10-08 18:59:30.102
RUN: 2023-10-13 14:12:06.514
REACHED: 2023-10-13 14:12:06.578635816 +0000 UTC m=+0.059146195
DONE: 2023-10-13 14:12:09.175
