START: 2023-10-08 19:42:36.463
SEEDS: 2023-10-08 19:43:07.409
RUN: 2023-10-12 14:14:12.159
REACHED: 2023-10-12 14:14:12.176872951 +0000 UTC m=+0.012546329
DONE: 2023-10-12 14:15:18.111
