START: 2023-09-26 18:12:17.576
SEEDS: 2023-09-26 18:12:51.341
RUN: 2023-10-12 21:03:46.658
REACHED: 2023-10-12 21:03:46.675706725 +0000 UTC m=+0.012488265
DONE: 2023-10-12 21:03:50.803
