START: 2023-10-13 09:06:08.262
SEEDS: 2023-10-13 09:13:05.289
RUN: 2023-10-13 14:08:21.337
REACHED: 2023-10-13 14:08:21.354687015 +0000 UTC m=+0.012432626
DONE: 2023-10-13 14:08:37.477
