START: 2023-10-08 17:11:57.754
SEEDS: 2023-10-08 17:12:05.216
RUN: 2023-10-16 23:03:02.223
REACHED: 2023-10-16 23:03:02.240474777 +0000 UTC m=+0.012122717
TIMEDOUT: 2023-10-16 23:13:02.229
