START: 2023-09-14 16:01:20.342
SEEDS: 2023-09-14 16:03:06.772
RUN: 2023-10-12 13:27:44.673
REACHED: 2023-10-12 13:27:44.691362993 +0000 UTC m=+0.012366006
DONE: 2023-10-12 13:27:44.734
