START: 2023-10-09 12:45:01.047
SEEDS: 2023-10-09 12:45:26.987
RUN: 2023-10-13 05:51:57.787
REACHED: 2023-10-13 05:51:58.284704233 +0000 UTC m=+0.492398427
DONE: 2023-10-13 05:57:16.852
