START: 2023-10-13 09:27:28.670
SEEDS: 2023-10-13 09:28:10.442
RUN: 2023-10-13 14:09:59.433
REACHED: 2023-10-13 14:09:59.451378549 +0000 UTC m=+0.012566254
DONE: 2023-10-13 14:10:15.722
