START: 2023-10-11 16:48:00.813
SEEDS: 2023-10-11 16:49:08.563
RUN: 2023-10-13 17:44:14.938
REACHED: 2023-10-13 17:44:15.267131441 +0000 UTC m=+0.323345715
DONE: 2023-10-13 17:44:15.620
