START: 2023-10-10 10:53:10.656
SEEDS: 2023-10-10 10:53:37.670
RUN: 2023-10-15 17:27:07.405
REACHED: 2023-10-15 17:27:07.425114374 +0000 UTC m=+0.014014733
TIMEDOUT: 2023-10-15 17:37:07.412
