START: 2023-09-14 09:59:14.047
REACHED: 2023-09-14 09:59:14.063931691 +0000 UTC m=+0.012534213
DONE: 2023-09-14 10:00:38.517
