START: 2023-09-27 09:42:44.786
SEEDS: 2023-09-27 09:43:01.602
RUN: 2023-10-12 16:39:32.904
REACHED: 2023-10-12 16:39:32.922463851 +0000 UTC m=+0.012495658
DONE: 2023-10-12 16:40:04.507
