START: 2023-09-14 16:35:18.129
SEEDS: 2023-09-14 16:44:59.181
RUN: 2023-10-12 13:32:31.253
REACHED: 2023-10-12 13:32:31.271676661 +0000 UTC m=+0.012420133
DONE: 2023-10-12 13:32:31.313
