START: 2023-10-08 19:02:30.322
SEEDS: 2023-10-08 19:02:56.217
RUN: 2023-10-13 14:48:32.469
REACHED: 2023-10-13 14:48:32.802696061 +0000 UTC m=+0.327641532
DONE: 2023-10-13 14:54:19.656
