START: 2023-10-05 12:28:35.529
SEEDS: 2023-10-05 12:29:17.217
RUN: 2023-10-14 16:57:15.388
REACHED: 2023-10-14 16:57:15.883573251 +0000 UTC m=+0.490451835
DONE: 2023-10-14 16:59:56.483
