START: 2023-09-14 14:40:13.757
SEEDS: 2023-09-14 14:40:13.766
REACHED: 2023-09-14 14:40:13.784737811 +0000 UTC m=+0.012650384
DONE: 2023-09-14 14:40:19.958
