START: 2023-10-10 10:34:42.359
SEEDS: 2023-10-10 10:35:14.966
RUN: 2023-10-13 08:09:07.522
REACHED: 2023-10-13 08:09:07.86329548 +0000 UTC m=+0.335649615
DONE: 2023-10-13 08:10:33.837
