START: 2023-10-10 17:06:03.654
SEEDS: 2023-10-10 17:06:31.188
RUN: 2023-10-15 01:14:16.902
REACHED: 2023-10-15 01:14:16.925148664 +0000 UTC m=+0.016920441
TIMEDOUT: 2023-10-15 01:24:16.909
