START: 2023-09-29 14:56:47.122
REACHED: 2023-09-29 14:56:48.267665404 +0000 UTC m=+1.139944250
DONE: 2023-09-29 15:01:44.974
