START: 2023-10-11 15:19:44.804
SEEDS: 2023-10-11 15:20:29.634
RUN: 2023-10-12 15:16:31.784
REACHED: 2023-10-12 15:16:31.803280082 +0000 UTC m=+0.013186721
DONE: 2023-10-12 15:16:46.521
