START: 2023-09-27 14:02:20.693
SEEDS: 2023-09-27 14:04:52.700
RUN: 2023-10-12 20:51:50.046
REACHED: 2023-10-12 20:51:50.064078436 +0000 UTC m=+0.012561243
DONE: 2023-10-12 20:52:12.470
