START: 2023-09-20 10:06:12.785
SEEDS: 2023-09-20 10:06:22.369
RUN: 2023-10-12 16:31:13.028
REACHED: 2023-10-12 16:31:13.051297512 +0000 UTC m=+0.017103465
DONE: 2023-10-12 16:31:20.861
