START: 2023-10-08 16:49:27.440
SEEDS: 2023-10-08 16:50:15.232
RUN: 2023-10-17 01:30:37.935
REACHED: 2023-10-17 01:30:37.95111129 +0000 UTC m=+0.010558621
TIMEDOUT: 2023-10-17 01:40:37.942
