START: 2023-10-04 19:44:54.546
SEEDS: 2023-10-04 19:48:26.306
RUN: 2023-10-18 04:24:25.901
REACHED: 2023-10-18 04:24:25.926331723 +0000 UTC m=+0.019244253
TIMEDOUT: 2023-10-18 04:34:25.908
