START: 2023-10-11 18:13:15.279
SEEDS: 2023-10-11 18:17:30.836
RUN: 2023-10-16 13:25:59.431
REACHED: 2023-10-16 13:25:59.448212053 +0000 UTC m=+0.011826184
TIMEDOUT: 2023-10-16 13:35:59.437
