START: 2023-10-11 16:26:07.517
SEEDS: 2023-10-11 16:27:12.516
RUN: 2023-10-13 17:36:59.234
REACHED: 2023-10-13 17:36:59.252073833 +0000 UTC m=+0.012059843
DONE: 2023-10-13 17:37:01.822
