START: 2023-09-29 14:08:50.780
SEEDS: 2023-09-29 14:09:36.251
RUN: 2023-10-12 22:27:05.480
REACHED: 2023-10-12 22:27:05.497645487 +0000 UTC m=+0.012428157
DONE: 2023-10-12 22:27:14.647
