START: 2023-09-18 09:48:53.048
SEEDS: 2023-09-18 09:49:23.938
RUN: 2023-10-12 15:30:04.287
REACHED: 2023-10-12 15:30:04.306285154 +0000 UTC m=+0.013376066
DONE: 2023-10-12 15:30:35.903
