START: 2023-09-29 15:54:45.732
REACHED: 2023-09-29 15:54:45.984368904 +0000 UTC m=+0.246685087
DONE: 2023-09-29 16:00:20.602
