START: 2023-10-13 11:17:37.644
SEEDS: 2023-10-13 11:18:47.583
RUN: 2023-10-14 08:52:48.429
REACHED: 2023-10-14 08:52:48.69125509 +0000 UTC m=+0.256406344
DONE: 2023-10-14 08:54:20.638
