START: 2023-10-04 15:51:40.897
SEEDS: 2023-10-04 15:52:14.338
RUN: 2023-10-14 17:41:46.229
REACHED: 2023-10-14 17:41:46.311114112 +0000 UTC m=+0.076779894
DONE: 2023-10-14 17:42:32.056
