START: 2023-10-04 19:10:28.043
SEEDS: 2023-10-04 19:11:09.349
RUN: 2023-10-14 12:03:52.845
REACHED: 2023-10-14 12:03:53.070955259 +0000 UTC m=+0.220723081
TIMEDOUT: 2023-10-14 12:13:52.851
