START: 2023-10-10 19:12:41.004
SEEDS: 2023-10-10 19:14:00.873
RUN: 2023-10-14 19:32:48.831
REACHED: 2023-10-14 19:32:48.850591768 +0000 UTC m=+0.014356191
TIMEDOUT: 2023-10-14 19:42:48.837
