START: 2023-10-10 19:07:15.856
SEEDS: 2023-10-10 19:08:36.368
RUN: 2023-10-14 21:19:38.240
REACHED: 2023-10-14 21:19:38.259216847 +0000 UTC m=+0.013933446
TIMEDOUT: 2023-10-14 21:29:38.246
