START: 2023-09-29 16:00:22.754
REACHED: 2023-09-29 16:00:23.123769857 +0000 UTC m=+0.364402282
DONE: 2023-09-29 16:06:07.093
