START: 2023-10-13 10:35:01.998
SEEDS: 2023-10-13 10:37:13.475
RUN: 2023-10-14 07:53:39.725
REACHED: 2023-10-14 07:53:39.872200643 +0000 UTC m=+0.141989575
TIMEDOUT: 2023-10-14 08:03:39.731
