START: 2023-10-06 16:46:18.738
SEEDS: 2023-10-06 16:46:28.530
RUN: 2023-10-14 03:39:47.894
REACHED: 2023-10-14 03:39:47.933387507 +0000 UTC m=+0.033612420
DONE: 2023-10-14 03:45:03.052
