START: 2023-10-04 16:05:48.784
SEEDS: 2023-10-04 16:09:52.635
RUN: 2023-10-14 17:50:25.775
REACHED: 2023-10-14 17:50:25.911792197 +0000 UTC m=+0.131506780
DONE: 2023-10-14 17:50:29.977
