START: 2023-10-06 17:32:05.896
SEEDS: 2023-10-06 17:32:14.582
RUN: 2023-10-14 02:35:02.355
REACHED: 2023-10-14 02:35:02.38933084 +0000 UTC m=+0.028356566
DONE: 2023-10-14 02:35:59.065
