START: 2023-10-13 12:37:24.032
SEEDS: 2023-10-13 12:38:32.297
RUN: 2023-10-17 20:55:58.159
REACHED: 2023-10-17 20:55:58.180542608 +0000 UTC m=+0.015955013
TIMEDOUT: 2023-10-17 21:05:58.165
