START: 2023-10-09 14:18:37.156
SEEDS: 2023-10-09 14:19:20.451
RUN: 2023-10-15 08:42:39.262
REACHED: 2023-10-15 08:42:39.285197156 +0000 UTC m=+0.017100356
TIMEDOUT: 2023-10-15 08:52:39.269
