START: 2023-10-10 10:30:45.543
SEEDS: 2023-10-10 10:31:16.656
RUN: 2023-10-12 14:01:13.956
REACHED: 2023-10-12 14:01:13.974048644 +0000 UTC m=+0.012457139
DONE: 2023-10-12 14:02:33.799
