START: 2023-10-09 12:35:03.795
SEEDS: 2023-10-09 12:35:27.404
RUN: 2023-10-12 13:53:24.885
REACHED: 2023-10-12 13:53:24.907629166 +0000 UTC m=+0.016766412
DONE: 2023-10-12 13:53:24.952
