START: 2023-10-05 13:25:21.016
SEEDS: 2023-10-05 13:25:54.909
RUN: 2023-10-18 15:58:52.785
REACHED: 2023-10-18 15:58:52.810066519 +0000 UTC m=+0.019501052
DONE: 2023-10-18 16:05:44.002
