START: 2023-10-05 12:15:45.453
SEEDS: 2023-10-05 12:17:45.448
RUN: 2023-10-14 16:13:00.939
REACHED: 2023-10-14 16:13:01.170952786 +0000 UTC m=+0.226401385
DONE: 2023-10-14 16:13:01.871
