START: 2023-10-11 19:23:31.623
SEEDS: 2023-10-11 19:25:28.230
RUN: 2023-10-12 14:53:12.115
REACHED: 2023-10-12 14:53:12.132979939 +0000 UTC m=+0.012471790
DONE: 2023-10-12 14:54:14.809
