START: 2023-10-08 16:57:38.037
SEEDS: 2023-10-08 16:57:46.459
RUN: 2023-10-12 15:47:34.877
REACHED: 2023-10-12 15:47:34.896807183 +0000 UTC m=+0.014276305
DONE: 2023-10-12 15:48:34.662
