START: 2023-10-08 17:08:50.360
SEEDS: 2023-10-08 17:09:09.696
RUN: 2023-10-13 22:59:36.209
REACHED: 2023-10-13 22:59:36.280464288 +0000 UTC m=+0.065470920
DONE: 2023-10-13 22:59:42.028
