START: 2023-09-25 11:52:25.979
SEEDS: 2023-09-25 11:52:32.213
REACHED: 2023-09-25 11:52:32.231016774 +0000 UTC m=+0.012459420
DONE: 2023-09-25 11:52:58.981
