START: 2023-10-08 09:18:14.643
SEEDS: 2023-10-08 10:31:56.679
RUN: 2023-10-08 10:31:56.681
REACHED: 2023-10-08 10:31:57.05039944 +0000 UTC m=+0.363959091
TIMEDOUT: 2023-10-08 10:41:56.688
