START: 2023-10-11 20:14:15.687
SEEDS: 2023-10-11 20:16:15.014
RUN: 2023-10-13 16:14:54.450
REACHED: 2023-10-13 16:14:54.6466801 +0000 UTC m=+0.191159380
DONE: 2023-10-13 16:15:42.016
