START: 2023-09-25 12:35:28.757
SEEDS: 2023-09-25 12:35:38.891
RUN: 2023-10-12 16:31:53.237
REACHED: 2023-10-12 16:31:53.254709415 +0000 UTC m=+0.012484976
DONE: 2023-10-12 16:32:13.261
