START: 2023-10-05 12:12:19.997
SEEDS: 2023-10-05 12:13:01.225
RUN: 2023-10-14 16:08:49.002
REACHED: 2023-10-14 16:08:49.043602661 +0000 UTC m=+0.036258395
DONE: 2023-10-14 16:08:49.583
