START: 2023-10-10 16:42:45.163
RUN: 2023-10-10 16:42:45.165
REACHED: 2023-10-10 16:42:45.188523919 +0000 UTC m=+0.017909379
TIMEDOUT: 2023-10-10 16:52:45.172
