START: 2023-10-10 17:31:58.701
SEEDS: 2023-10-10 17:35:14.008
RUN: 2023-10-12 13:04:09.758
REACHED: 2023-10-12 13:04:09.776225042 +0000 UTC m=+0.012477485
DONE: 2023-10-12 13:04:39.371
