START: 2023-10-13 10:26:44.935
SEEDS: 2023-10-13 10:28:56.259
RUN: 2023-10-14 07:41:58.366
REACHED: 2023-10-14 07:41:58.391350849 +0000 UTC m=+0.019912888
DONE: 2023-10-14 07:43:27.232
