START: 2023-10-06 22:18:45.673
SEEDS: 2023-10-06 22:21:22.997
RUN: 2023-10-16 17:36:40.601
REACHED: 2023-10-16 17:36:40.617050172 +0000 UTC m=+0.009940530
TIMEDOUT: 2023-10-16 17:46:40.608
