START: 2023-10-10 17:04:09.398
SEEDS: 2023-10-10 17:04:09.407
RUN: 2023-10-10 17:04:09.408
REACHED: 2023-10-10 17:04:09.426274073 +0000 UTC m=+0.012422717
DONE: 2023-10-10 17:04:41.660
