START: 2023-10-04 19:27:40.770
SEEDS: 2023-10-04 19:28:30.925
RUN: 2023-10-18 02:54:25.738
REACHED: 2023-10-18 02:54:25.759405444 +0000 UTC m=+0.015778089
TIMEDOUT: 2023-10-18 03:04:25.745
