START: 2023-10-10 16:34:43.746
SEEDS: 2023-10-10 16:35:22.845
RUN: 2023-10-12 13:23:11.206
REACHED: 2023-10-12 13:23:11.223785355 +0000 UTC m=+0.012561586
DONE: 2023-10-12 13:23:12.585
