START: 2023-10-11 20:01:54.485
SEEDS: 2023-10-11 20:03:10.984
RUN: 2023-10-13 16:08:30.325
REACHED: 2023-10-13 16:08:30.501812308 +0000 UTC m=+0.171584390
DONE: 2023-10-13 16:14:54.442
