START: 2023-10-08 18:44:23.036
SEEDS: 2023-10-08 18:44:39.241
RUN: 2023-10-12 14:23:13.596
REACHED: 2023-10-12 14:23:13.614289943 +0000 UTC m=+0.012666803
DONE: 2023-10-12 14:23:30.130
