START: 2023-10-05 10:38:33.753
SEEDS: 2023-10-05 10:41:20.623
RUN: 2023-10-18 01:53:50.127
REACHED: 2023-10-18 01:53:50.150271244 +0000 UTC m=+0.017888328
TIMEDOUT: 2023-10-18 02:03:50.133
