START: 2023-10-11 21:02:03.394
SEEDS: 2023-10-11 21:03:55.035
RUN: 2023-10-16 09:40:08.929
REACHED: 2023-10-16 09:40:08.948305362 +0000 UTC m=+0.013783431
TIMEDOUT: 2023-10-16 09:50:08.935
