START: 2023-09-26 18:13:40.754
SEEDS: 2023-09-26 18:14:08.890
RUN: 2023-10-12 21:04:15.499
REACHED: 2023-10-12 21:04:15.517697702 +0000 UTC m=+0.012620317
DONE: 2023-10-12 21:04:26.285
