START: 2023-10-09 12:32:54.794
SEEDS: 2023-10-09 12:33:29.815
RUN: 2023-10-12 13:51:42.536
REACHED: 2023-10-12 13:51:42.554230415 +0000 UTC m=+0.012516897
DONE: 2023-10-12 13:51:54.980
