START: 2023-10-10 18:59:10.505
SEEDS: 2023-10-10 19:00:30.264
RUN: 2023-10-14 21:49:38.296
REACHED: 2023-10-14 21:49:38.316261318 +0000 UTC m=+0.014947255
TIMEDOUT: 2023-10-14 21:59:38.302
