START: 2023-10-10 18:31:06.432
SEEDS: 2023-10-10 18:32:38.666
RUN: 2023-10-13 00:26:27.141
REACHED: 2023-10-13 00:26:27.241292955 +0000 UTC m=+0.094592583
DONE: 2023-10-13 00:31:27.346
