START: 2023-10-08 17:07:43.498
SEEDS: 2023-10-08 17:07:53.379
RUN: 2023-10-13 21:32:20.750
REACHED: 2023-10-13 21:32:21.186305822 +0000 UTC m=+0.430504879
DONE: 2023-10-13 21:33:36.779
