START: 2023-09-29 11:05:43.301
SEEDS: 2023-09-29 11:06:11.228
RUN: 2023-10-12 22:04:50.754
REACHED: 2023-10-12 22:04:50.779215941 +0000 UTC m=+0.019484728
DONE: 2023-10-12 22:06:43.236
