START: 2023-10-10 16:26:32.045
SEEDS: 2023-10-10 16:26:54.277
RUN: 2023-10-12 13:17:27.466
REACHED: 2023-10-12 13:17:27.484557564 +0000 UTC m=+0.012534219
DONE: 2023-10-12 13:17:52.987
