START: 2023-10-10 17:45:51.966
SEEDS: 2023-10-10 17:47:20.922
RUN: 2023-10-12 13:05:57.096
REACHED: 2023-10-12 13:05:57.114299891 +0000 UTC m=+0.012494848
DONE: 2023-10-12 13:06:51.136
