START: 2023-09-27 09:49:36.114
SEEDS: 2023-09-27 09:49:44.234
RUN: 2023-10-12 16:44:51.572
REACHED: 2023-10-12 16:44:51.592782143 +0000 UTC m=+0.015173456
DONE: 2023-10-12 16:46:01.718
