START: 2023-10-06 17:07:22.786
SEEDS: 2023-10-06 17:07:29.781
RUN: 2023-10-17 11:48:53.826
REACHED: 2023-10-17 11:48:53.850921757 +0000 UTC m=+0.019501013
DONE: 2023-10-17 11:57:41.475
