START: 2023-10-08 16:39:10.833
SEEDS: 2023-10-08 16:39:42.902
RUN: 2023-10-13 23:29:47.795
REACHED: 2023-10-13 23:29:47.947176819 +0000 UTC m=+0.146238161
DONE: 2023-10-13 23:35:04.518
