START: 2023-10-13 11:18:47.593
SEEDS: 2023-10-13 11:20:59.812
RUN: 2023-10-14 08:54:20.645
REACHED: 2023-10-14 08:54:20.817711158 +0000 UTC m=+0.167095584
DONE: 2023-10-14 08:55:44.173
