START: 2023-09-25 14:38:53.095
SEEDS: 2023-09-25 14:39:08.482
RUN: 2023-10-12 16:08:06.736
REACHED: 2023-10-12 16:08:06.754652457 +0000 UTC m=+0.012512907
DONE: 2023-10-12 16:08:09.474
