START: 2023-10-04 16:43:34.529
SEEDS: 2023-10-04 16:44:45.676
RUN: 2023-10-14 18:11:11.159
REACHED: 2023-10-14 18:11:11.199042181 +0000 UTC m=+0.034070542
DONE: 2023-10-14 18:12:12.990
