START: 2023-10-06 17:16:38.622
SEEDS: 2023-10-06 17:16:51.381
RUN: 2023-10-14 06:32:03.066
REACHED: 2023-10-14 06:32:03.101025781 +0000 UTC m=+0.029535345
TIMEDOUT: 2023-10-14 06:42:03.072
