START: 2023-09-29 16:00:20.613
REACHED: 2023-09-29 16:00:20.984133917 +0000 UTC m=+0.365214630
DONE: 2023-09-29 16:00:22.743
