START: 2023-10-08 20:06:35.653
SEEDS: 2023-10-08 20:07:08.337
RUN: 2023-10-16 00:24:51.184
REACHED: 2023-10-16 00:24:51.207516851 +0000 UTC m=+0.017508259
TIMEDOUT: 2023-10-16 00:34:51.191
