START: 2023-09-20 10:12:02.508
SEEDS: 2023-09-20 10:12:12.891
RUN: 2023-10-12 16:33:52.833
REACHED: 2023-10-12 16:33:52.851013232 +0000 UTC m=+0.012587920
DONE: 2023-10-12 16:34:17.647
