START: 2023-10-05 09:37:33.923
SEEDS: 2023-10-05 09:40:19.367
RUN: 2023-10-14 10:16:12.404
REACHED: 2023-10-14 10:16:12.864678469 +0000 UTC m=+0.455514214
DONE: 2023-10-14 10:16:14.797
