START: 2023-10-06 17:39:58.646
SEEDS: 2023-10-06 17:43:28.234
RUN: 2023-10-13 20:28:37.320
REACHED: 2023-10-13 20:28:37.663117059 +0000 UTC m=+0.337617017
DONE: 2023-10-13 20:29:55.028
