START: 2023-10-08 16:47:24.195
SEEDS: 2023-10-08 16:47:35.145
RUN: 2023-10-17 00:43:02.412
REACHED: 2023-10-17 00:43:02.428656397 +0000 UTC m=+0.010444357
TIMEDOUT: 2023-10-17 00:53:02.419
