START: 2023-10-11 19:34:57.117
SEEDS: 2023-10-11 19:36:54.904
RUN: 2023-10-12 14:49:25.974
REACHED: 2023-10-12 14:49:25.992138554 +0000 UTC m=+0.012533185
DONE: 2023-10-12 14:49:51.896
