START: 2023-10-11 15:46:00.359
SEEDS: 2023-10-11 15:55:36.293
RUN: 2023-10-13 17:14:58.496
REACHED: 2023-10-13 17:14:58.530509554 +0000 UTC m=+0.029469953
DONE: 2023-10-13 17:17:45.278
