START: 2023-10-05 15:58:28.527
SEEDS: 2023-10-05 16:01:15.202
RUN: 2023-10-18 10:24:41.255
REACHED: 2023-10-18 10:24:41.279312568 +0000 UTC m=+0.019036514
TIMEDOUT: 2023-10-18 10:34:41.261
