START: 2023-10-05 12:00:20.083
SEEDS: 2023-10-05 12:03:03.397
RUN: 2023-10-14 15:42:46.613
REACHED: 2023-10-14 15:42:46.785553569 +0000 UTC m=+0.166974121
TIMEDOUT: 2023-10-14 15:52:46.620
