START: 2023-10-13 09:30:22.535
SEEDS: 2023-10-13 09:31:34.218
RUN: 2023-10-13 14:11:34.352
REACHED: 2023-10-13 14:11:34.370632909 +0000 UTC m=+0.012528836
DONE: 2023-10-13 14:11:34.414
