START: 2023-10-06 17:08:28.073
SEEDS: 2023-10-06 17:08:35.352
RUN: 2023-10-17 13:03:06.824
REACHED: 2023-10-17 13:03:06.843985284 +0000 UTC m=+0.014266331
TIMEDOUT: 2023-10-17 13:13:06.831
