START: 2023-10-09 12:35:27.415
SEEDS: 2023-10-09 12:36:07.218
RUN: 2023-10-12 13:53:24.957
REACHED: 2023-10-12 13:53:24.974846233 +0000 UTC m=+0.012274618
DONE: 2023-10-12 13:53:47.138
