START: 2023-10-06 17:20:16.703
SEEDS: 2023-10-06 17:20:31.515
RUN: 2023-10-17 15:59:06.916
REACHED: 2023-10-17 15:59:06.941396238 +0000 UTC m=+0.019751545
TIMEDOUT: 2023-10-17 16:09:06.923
