START: 2023-10-10 17:55:00.537
SEEDS: 2023-10-10 17:56:28.724
RUN: 2023-10-12 13:04:44.551
REACHED: 2023-10-12 13:04:44.575734977 +0000 UTC m=+0.019389100
DONE: 2023-10-12 13:05:00.593
