START: 2023-10-05 09:09:46.085
SEEDS: 2023-10-05 09:12:31.042
RUN: 2023-10-14 09:29:02.633
REACHED: 2023-10-14 09:29:02.708360853 +0000 UTC m=+0.069345551
TIMEDOUT: 2023-10-14 09:39:02.640
