START: 2023-10-13 11:04:54.894
SEEDS: 2023-10-13 11:11:53.819
RUN: 2023-10-14 08:31:59.043
REACHED: 2023-10-14 08:31:59.275482176 +0000 UTC m=+0.227004856
DONE: 2023-10-14 08:32:13.356
