START: 2023-09-29 10:27:30.758
SEEDS: 2023-09-29 10:32:51.943
RUN: 2023-10-12 21:34:21.671
REACHED: 2023-10-12 21:34:21.689301786 +0000 UTC m=+0.012490859
DONE: 2023-10-12 21:38:51.645
