START: 2023-10-09 01:37:46.338
SEEDS: 2023-10-09 03:03:06.859
RUN: 2023-10-09 03:03:06.860
REACHED: 2023-10-09 03:03:07.027991659 +0000 UTC m=+0.162158290
DONE: 2023-10-09 03:10:44.501
