START: 2023-09-30 15:21:55.369
SEEDS: 2023-09-30 15:21:55.377
REACHED: 2023-09-30 15:21:55.514608238 +0000 UTC m=+0.131627285
DONE: 2023-09-30 15:21:57.399
