START: 2023-09-14 16:49:14.375
SEEDS: 2023-09-14 16:53:39.014
RUN: 2023-10-12 13:33:29.102
REACHED: 2023-10-12 13:33:29.120213536 +0000 UTC m=+0.012413518
DONE: 2023-10-12 13:33:35.567
