START: 2023-09-27 09:37:47.202
SEEDS: 2023-09-27 09:38:02.840
RUN: 2023-10-12 16:38:42.993
REACHED: 2023-10-12 16:38:43.012099011 +0000 UTC m=+0.013289551
DONE: 2023-10-12 16:38:50.040
