START: 2023-10-08 16:42:09.520
SEEDS: 2023-10-08 16:43:01.487
RUN: 2023-10-14 00:22:27.794
REACHED: 2023-10-14 00:22:28.140063183 +0000 UTC m=+0.340963061
DONE: 2023-10-14 00:22:34.241
