START: 2023-09-29 11:12:22.786
SEEDS: 2023-09-29 11:15:05.907
RUN: 2023-10-12 21:14:08.039
REACHED: 2023-10-12 21:14:08.057380908 +0000 UTC m=+0.012674727
DONE: 2023-10-12 21:14:15.209
