START: 2023-09-29 15:44:45.715
REACHED: 2023-09-29 15:44:46.049473722 +0000 UTC m=+0.329503856
TIMEDOUT: 2023-09-29 15:54:45.721
