START: 2023-10-10 19:05:55.999
SEEDS: 2023-10-10 19:07:15.847
RUN: 2023-10-14 20:39:38.166
REACHED: 2023-10-14 20:39:38.186990513 +0000 UTC m=+0.014933532
TIMEDOUT: 2023-10-14 20:49:38.173
