START: 2023-10-08 18:54:06.125
SEEDS: 2023-10-08 18:54:31.877
RUN: 2023-10-13 13:08:05.592
REACHED: 2023-10-13 13:08:05.714587165 +0000 UTC m=+0.117215379
DONE: 2023-10-13 13:17:16.159
