START: 2023-10-05 12:24:03.527
SEEDS: 2023-10-05 12:24:39.115
RUN: 2023-10-14 16:42:38.627
REACHED: 2023-10-14 16:42:38.743838145 +0000 UTC m=+0.111232996
DONE: 2023-10-14 16:42:38.918
