START: 2023-10-06 17:08:02.786
SEEDS: 2023-10-06 17:08:10.729
RUN: 2023-10-17 12:33:06.769
REACHED: 2023-10-17 12:33:06.788190443 +0000 UTC m=+0.013425242
TIMEDOUT: 2023-10-17 12:43:06.776
