START: 2023-10-09 12:39:12.260
SEEDS: 2023-10-09 12:39:26.982
RUN: 2023-10-12 13:57:17.494
REACHED: 2023-10-12 13:57:17.511651076 +0000 UTC m=+0.012450835
DONE: 2023-10-12 13:57:41.846
