START: 2023-10-09 14:19:51.137
SEEDS: 2023-10-09 14:34:26.082
RUN: 2023-10-09 14:34:26.084
REACHED: 2023-10-09 14:34:26.107215709 +0000 UTC m=+0.017702150
TIMEDOUT: 2023-10-09 14:44:26.090
