START: 2023-10-05 12:43:32.727
SEEDS: 2023-10-05 12:44:21.406
RUN: 2023-10-18 12:44:14.753
REACHED: 2023-10-18 12:44:14.772727931 +0000 UTC m=+0.013985325
DONE: 2023-10-18 12:50:23.074
