START: 2023-10-06 17:30:46.455
SEEDS: 2023-10-06 17:30:55.057
RUN: 2023-10-14 02:02:21.774
REACHED: 2023-10-14 02:02:21.802833324 +0000 UTC m=+0.023361214
DONE: 2023-10-14 02:02:22.789
