START: 2023-10-08 19:07:03.515
SEEDS: 2023-10-08 19:09:35.937
RUN: 2023-10-16 02:14:51.387
REACHED: 2023-10-16 02:14:51.409971784 +0000 UTC m=+0.016887369
TIMEDOUT: 2023-10-16 02:24:51.394
