START: 2023-10-08 17:13:11.279
SEEDS: 2023-10-08 17:13:24.133
RUN: 2023-10-16 23:13:02.242
REACHED: 2023-10-16 23:13:02.264474977 +0000 UTC m=+0.017163431
TIMEDOUT: 2023-10-16 23:23:02.248
