START: 2023-10-07 02:31:30.937
SEEDS: 2023-10-07 02:36:43.569
RUN: 2023-10-13 02:23:50.164
REACHED: 2023-10-13 02:23:50.63596802 +0000 UTC m=+0.466123657
DONE: 2023-10-13 02:25:44.579
