START: 2023-10-06 23:03:24.474
SEEDS: 2023-10-06 23:06:01.031
RUN: 2023-10-16 18:16:40.675
REACHED: 2023-10-16 18:16:40.69668818 +0000 UTC m=+0.016379089
TIMEDOUT: 2023-10-16 18:26:40.681
