START: 2023-09-29 10:27:02.318
SEEDS: 2023-09-29 10:27:30.751
RUN: 2023-10-12 21:33:55.364
REACHED: 2023-10-12 21:33:55.382435308 +0000 UTC m=+0.012533250
DONE: 2023-10-12 21:34:21.647
