START: 2023-10-07 06:49:46.501
SEEDS: 2023-10-07 06:49:59.089
RUN: 2023-10-15 04:14:17.239
REACHED: 2023-10-15 04:14:17.263279619 +0000 UTC m=+0.018362200
TIMEDOUT: 2023-10-15 04:24:17.246
