START: 2023-09-14 15:54:57.812
SEEDS: 2023-09-14 15:56:59.037
RUN: 2023-10-12 13:26:15.701
REACHED: 2023-10-12 13:26:15.71912625 +0000 UTC m=+0.012607016
DONE: 2023-10-12 13:27:04.926
