START: 2023-10-06 17:21:43.878
SEEDS: 2023-10-06 17:21:52.736
RUN: 2023-10-17 16:49:42.424
REACHED: 2023-10-17 16:49:42.439180053 +0000 UTC m=+0.009749905
DONE: 2023-10-17 16:50:35.122
