START: 2023-09-27 09:39:29.700
SEEDS: 2023-09-27 09:39:37.957
RUN: 2023-10-12 16:38:52.167
REACHED: 2023-10-12 16:38:52.184808476 +0000 UTC m=+0.012483345
DONE: 2023-10-12 16:39:09.397
