START: 2023-10-05 13:00:50.562
SEEDS: 2023-10-05 13:01:39.451
RUN: 2023-10-18 13:48:52.546
REACHED: 2023-10-18 13:48:52.571998075 +0000 UTC m=+0.020403496
TIMEDOUT: 2023-10-18 13:58:52.553
