START: 2023-10-11 15:24:47.626
SEEDS: 2023-10-11 15:26:00.601
RUN: 2023-10-12 15:18:35.244
REACHED: 2023-10-12 15:18:35.261900096 +0000 UTC m=+0.012513615
DONE: 2023-10-12 15:20:13.997
