START: 2023-10-13 09:00:51.529
SEEDS: 2023-10-13 09:03:04.500
RUN: 2023-10-13 14:06:15.315
REACHED: 2023-10-13 14:06:15.333298124 +0000 UTC m=+0.012460189
DONE: 2023-10-13 14:06:15.382
