START: 2023-10-09 12:39:26.993
SEEDS: 2023-10-09 12:39:43.811
RUN: 2023-10-12 13:57:41.870
REACHED: 2023-10-12 13:57:41.888189401 +0000 UTC m=+0.012522394
DONE: 2023-10-12 13:57:48.534
