START: 2023-10-06 17:21:52.745
SEEDS: 2023-10-06 17:22:01.534
RUN: 2023-10-17 16:50:35.132
REACHED: 2023-10-17 16:50:35.152510749 +0000 UTC m=+0.014761999
TIMEDOUT: 2023-10-17 17:00:35.139
