START: 2023-10-06 16:15:14.474
SEEDS: 2023-10-06 16:15:56.507
RUN: 2023-10-13 19:19:29.213
REACHED: 2023-10-13 19:19:29.410028737 +0000 UTC m=+0.191524926
DONE: 2023-10-13 19:28:44.507
