START: 2023-09-26 18:19:48.581
SEEDS: 2023-09-26 18:21:45.219
RUN: 2023-10-12 21:05:22.688
REACHED: 2023-10-12 21:05:22.706114692 +0000 UTC m=+0.012708764
DONE: 2023-10-12 21:06:56.280
