START: 2023-10-08 19:38:23.319
SEEDS: 2023-10-08 19:38:53.467
RUN: 2023-10-12 14:14:12.092
REACHED: 2023-10-12 14:14:12.111861259 +0000 UTC m=+0.013492783
DONE: 2023-10-12 14:14:12.153
