START: 2023-10-09 07:44:34.525
SEEDS: 2023-10-09 07:52:25.345
RUN: 2023-10-09 07:52:25.347
REACHED: 2023-10-09 07:52:25.371610481 +0000 UTC m=+0.018973864
TIMEDOUT: 2023-10-09 08:02:25.354
