START: 2023-10-05 12:37:36.779
SEEDS: 2023-10-05 12:42:12.580
RUN: 2023-10-18 12:14:14.698
REACHED: 2023-10-18 12:14:14.720215259 +0000 UTC m=+0.017079006
TIMEDOUT: 2023-10-18 12:24:14.704
