START: 2023-09-25 14:32:15.747
SEEDS: 2023-09-25 14:33:21.564
RUN: 2023-10-12 15:59:43.681
REACHED: 2023-10-12 15:59:43.700612236 +0000 UTC m=+0.013602279
DONE: 2023-10-12 15:59:51.295
