START: 2023-10-08 19:29:06.412
SEEDS: 2023-10-08 19:29:36.362
RUN: 2023-10-12 14:11:33.253
REACHED: 2023-10-12 14:11:33.271634637 +0000 UTC m=+0.012538643
DONE: 2023-10-12 14:11:46.963
