START: 2023-09-25 14:33:21.570
SEEDS: 2023-09-25 14:35:08.148
RUN: 2023-10-12 15:59:53.146
REACHED: 2023-10-12 15:59:53.164250878 +0000 UTC m=+0.012565282
DONE: 2023-10-12 15:59:59.415
