START: 2023-10-10 17:41:25.235
SEEDS: 2023-10-10 17:42:53.575
RUN: 2023-10-12 12:57:29.996
REACHED: 2023-10-12 12:57:30.014430989 +0000 UTC m=+0.012559327
DONE: 2023-10-12 12:59:05.159
