START: 2023-09-27 09:57:23.116
SEEDS: 2023-09-27 09:57:31.622
RUN: 2023-10-12 16:52:11.864
REACHED: 2023-10-12 16:52:11.882161446 +0000 UTC m=+0.012607388
DONE: 2023-10-12 16:52:33.546
