START: 2023-10-08 16:57:46.465
SEEDS: 2023-10-08 16:57:55.073
RUN: 2023-10-12 15:52:01.992
REACHED: 2023-10-12 15:52:02.009739408 +0000 UTC m=+0.012574361
DONE: 2023-10-12 15:52:24.916
