START: 2023-10-08 17:12:05.223
SEEDS: 2023-10-08 17:12:17.877
RUN: 2023-10-16 23:43:02.297
REACHED: 2023-10-16 23:43:02.319747644 +0000 UTC m=+0.016735363
TIMEDOUT: 2023-10-16 23:53:02.304
