START: 2023-10-06 17:15:44.410
SEEDS: 2023-10-06 17:15:59.111
RUN: 2023-10-14 06:17:21.062
REACHED: 2023-10-14 06:17:21.152548864 +0000 UTC m=+0.085579041
TIMEDOUT: 2023-10-14 06:27:21.068
