START: 2023-10-06 14:34:08.137
SEEDS: 2023-10-06 14:37:47.456
RUN: 2023-10-13 18:22:57.091
REACHED: 2023-10-13 18:22:57.323412746 +0000 UTC m=+0.226616935
DONE: 2023-10-13 18:28:43.802
