START: 2023-10-04 16:28:14.903
SEEDS: 2023-10-04 16:33:29.340
RUN: 2023-10-14 18:10:47.272
REACHED: 2023-10-14 18:10:47.305555036 +0000 UTC m=+0.028498649
DONE: 2023-10-14 18:10:48.431
