START: 2023-09-25 12:32:54.898
SEEDS: 2023-09-25 12:33:05.008
RUN: 2023-10-12 16:25:18.328
REACHED: 2023-10-12 16:25:18.347153055 +0000 UTC m=+0.013503765
DONE: 2023-10-12 16:25:36.259
