START: 2023-10-13 09:25:16.776
SEEDS: 2023-10-13 09:27:28.659
RUN: 2023-10-13 14:09:44.303
REACHED: 2023-10-13 14:09:44.321388166 +0000 UTC m=+0.012631869
DONE: 2023-10-13 14:09:58.887
