START: 2023-10-05 12:15:03.447
SEEDS: 2023-10-05 12:15:45.445
RUN: 2023-10-14 16:10:39.006
REACHED: 2023-10-14 16:10:39.104123643 +0000 UTC m=+0.092264951
DONE: 2023-10-14 16:13:00.931
