START: 2023-10-06 16:50:42.860
SEEDS: 2023-10-06 16:54:11.219
RUN: 2023-10-13 20:02:15.952
REACHED: 2023-10-13 20:02:16.007336863 +0000 UTC m=+0.049530069
DONE: 2023-10-13 20:04:34.413
