START: 2023-10-08 18:56:37.842
SEEDS: 2023-10-08 18:56:53.427
RUN: 2023-10-13 13:24:11.413
REACHED: 2023-10-13 13:24:11.606061243 +0000 UTC m=+0.187384290
DONE: 2023-10-13 13:32:59.055
