START: 2023-10-09 12:01:52.041
SEEDS: 2023-10-09 12:16:28.293
RUN: 2023-10-09 12:16:28.294
REACHED: 2023-10-09 12:16:28.310476064 +0000 UTC m=+0.010339065
TIMEDOUT: 2023-10-09 12:26:28.301
