START: 2023-10-13 12:38:32.308
SEEDS: 2023-10-13 12:42:53.948
RUN: 2023-10-17 21:05:58.177
REACHED: 2023-10-17 21:05:58.216623959 +0000 UTC m=+0.033939542
TIMEDOUT: 2023-10-17 21:15:58.184
