START: 2023-10-05 09:04:12.676
SEEDS: 2023-10-05 09:06:57.947
RUN: 2023-10-14 10:36:14.490
REACHED: 2023-10-14 10:36:14.667694103 +0000 UTC m=+0.171771419
TIMEDOUT: 2023-10-14 10:46:14.497
