START: 2023-10-10 19:03:14.384
SEEDS: 2023-10-10 19:04:33.877
RUN: 2023-10-14 19:22:48.813
REACHED: 2023-10-14 19:22:48.833250932 +0000 UTC m=+0.014712961
TIMEDOUT: 2023-10-14 19:32:48.819
