START: 2023-10-06 17:16:51.390
SEEDS: 2023-10-06 17:17:00.148
RUN: 2023-10-14 06:42:03.080
REACHED: 2023-10-14 06:42:03.217668272 +0000 UTC m=+0.131906527
TIMEDOUT: 2023-10-14 06:52:03.088
