START: 2023-10-04 16:01:15.677
SEEDS: 2023-10-04 16:05:48.777
RUN: 2023-10-14 17:42:48.569
REACHED: 2023-10-14 17:42:48.682457628 +0000 UTC m=+0.107714819
DONE: 2023-10-14 17:50:25.761
