START: 2023-10-09 14:08:49.820
SEEDS: 2023-10-09 14:09:43.911
RUN: 2023-10-13 04:51:44.329
REACHED: 2023-10-13 04:51:44.740922599 +0000 UTC m=+0.406260352
DONE: 2023-10-13 04:51:57.518
