START: 2023-10-10 17:48:52.042
SEEDS: 2023-10-10 17:50:20.399
RUN: 2023-10-12 13:10:13.005
REACHED: 2023-10-12 13:10:13.023385503 +0000 UTC m=+0.012508209
DONE: 2023-10-12 13:10:30.077
