START: 2023-10-08 19:11:08.695
SEEDS: 2023-10-08 19:12:05.354
RUN: 2023-10-16 02:54:51.461
REACHED: 2023-10-16 02:54:51.487881821 +0000 UTC m=+0.021015153
TIMEDOUT: 2023-10-16 03:04:51.468
