START: 2023-10-05 10:13:32.881
SEEDS: 2023-10-05 10:16:19.561
RUN: 2023-10-18 00:23:49.961
REACHED: 2023-10-18 00:23:49.983476751 +0000 UTC m=+0.017068289
TIMEDOUT: 2023-10-18 00:33:49.967
