START: 2023-10-09 05:47:48.977
SEEDS: 2023-10-09 06:02:22.067
RUN: 2023-10-09 06:02:22.068
REACHED: 2023-10-09 06:02:22.090617111 +0000 UTC m=+0.016646561
TIMEDOUT: 2023-10-09 06:12:22.075
