START: 2023-10-06 17:19:44.404
SEEDS: 2023-10-06 17:19:59.260
RUN: 2023-10-17 15:29:06.860
REACHED: 2023-10-17 15:29:06.87840017 +0000 UTC m=+0.012582366
TIMEDOUT: 2023-10-17 15:39:06.867
