START: 2023-10-08 17:11:42.848
SEEDS: 2023-10-08 17:11:50.527
RUN: 2023-10-16 21:47:39.458
REACHED: 2023-10-16 21:47:39.478594127 +0000 UTC m=+0.014836078
TIMEDOUT: 2023-10-16 21:57:39.465
