START: 2023-10-08 18:54:31.887
SEEDS: 2023-10-08 18:54:59.009
RUN: 2023-10-13 13:17:16.168
REACHED: 2023-10-13 13:17:16.622679677 +0000 UTC m=+0.449417663
DONE: 2023-10-13 13:17:20.652
