START: 2023-10-08 17:00:51.535
SEEDS: 2023-10-08 17:01:00.613
RUN: 2023-10-12 15:46:18.709
REACHED: 2023-10-12 15:46:18.730536312 +0000 UTC m=+0.016250042
DONE: 2023-10-12 15:47:34.846
