START: 2023-10-10 16:35:46.468
SEEDS: 2023-10-10 16:36:12.078
RUN: 2023-10-12 13:23:38.562
REACHED: 2023-10-12 13:23:38.580588235 +0000 UTC m=+0.012553626
DONE: 2023-10-12 13:24:17.418
