START: 2023-10-10 17:35:14.018
SEEDS: 2023-10-10 17:36:42.901
RUN: 2023-10-12 13:05:09.137
REACHED: 2023-10-12 13:05:09.155072468 +0000 UTC m=+0.012372698
DONE: 2023-10-12 13:05:57.067
