START: 2023-10-09 12:51:33.574
SEEDS: 2023-10-09 12:52:04.186
RUN: 2023-10-13 06:59:12.684
REACHED: 2023-10-13 06:59:13.101957485 +0000 UTC m=+0.412192064
DONE: 2023-10-13 06:59:35.199
