START: 2023-10-11 14:59:13.386
SEEDS: 2023-10-11 15:01:25.808
RUN: 2023-10-12 15:10:37.531
REACHED: 2023-10-12 15:10:37.550563344 +0000 UTC m=+0.013709702
DONE: 2023-10-12 15:10:50.861
