START: 2023-10-10 10:27:18.407
SEEDS: 2023-10-10 10:27:58.262
RUN: 2023-10-12 14:05:21.105
REACHED: 2023-10-12 14:05:21.127213511 +0000 UTC m=+0.016896899
DONE: 2023-10-12 14:05:33.589
