START: 2023-10-05 14:15:48.463
SEEDS: 2023-10-05 14:18:33.571
RUN: 2023-10-14 14:33:11.109
REACHED: 2023-10-14 14:33:11.408598764 +0000 UTC m=+0.294443063
DONE: 2023-10-14 14:33:12.257
