START: 2023-10-06 17:11:21.346
SEEDS: 2023-10-06 17:11:35.633
RUN: 2023-10-14 04:54:21.862
REACHED: 2023-10-14 04:54:21.957278295 +0000 UTC m=+0.089814357
DONE: 2023-10-14 04:57:03.212
