START: 2023-10-08 19:09:35.947
SEEDS: 2023-10-08 19:09:53.704
RUN: 2023-10-16 02:24:51.406
REACHED: 2023-10-16 02:24:51.426323993 +0000 UTC m=+0.014905225
TIMEDOUT: 2023-10-16 02:34:51.412
