START: 2023-10-09 12:49:02.120
SEEDS: 2023-10-09 12:49:42.753
RUN: 2023-10-13 06:31:02.392
REACHED: 2023-10-13 06:31:03.19108352 +0000 UTC m=+0.793537456
DONE: 2023-10-13 06:32:08.747
