START: 2023-10-10 11:02:36.706
SEEDS: 2023-10-10 11:03:09.465
RUN: 2023-10-15 20:10:43.389
REACHED: 2023-10-15 20:10:43.419538839 +0000 UTC m=+0.024869337
TIMEDOUT: 2023-10-15 20:20:43.396
