START: 2023-09-18 09:44:53.469
SEEDS: 2023-09-18 09:45:22.951
RUN: 2023-10-12 15:28:50.265
REACHED: 2023-10-12 15:28:50.28353083 +0000 UTC m=+0.012464214
DONE: 2023-10-12 15:29:27.219
