START: 2023-10-09 14:04:11.361
SEEDS: 2023-10-09 14:05:04.976
RUN: 2023-10-13 05:09:54.484
REACHED: 2023-10-13 05:09:54.768698671 +0000 UTC m=+0.279410406
DONE: 2023-10-13 05:13:00.561
