START: 2023-09-29 13:52:26.802
SEEDS: 2023-09-29 13:57:06.361
RUN: 2023-10-12 22:15:27.302
REACHED: 2023-10-12 22:15:27.320214085 +0000 UTC m=+0.012631003
DONE: 2023-10-12 22:16:46.078
