START: 2023-10-11 16:49:08.574
SEEDS: 2023-10-11 16:50:38.037
RUN: 2023-10-13 17:44:15.664
REACHED: 2023-10-13 17:44:15.788763477 +0000 UTC m=+0.119204667
DONE: 2023-10-13 17:49:26.355
