START: 2023-10-05 09:15:15.393
SEEDS: 2023-10-05 09:18:01.364
RUN: 2023-10-14 09:56:05.672
REACHED: 2023-10-14 09:56:05.742351764 +0000 UTC m=+0.064809712
TIMEDOUT: 2023-10-14 10:06:05.679
