START: 2023-10-04 19:21:49.808
SEEDS: 2023-10-04 19:23:52.760
RUN: 2023-10-14 12:47:31.049
REACHED: 2023-10-14 12:47:31.435766359 +0000 UTC m=+0.381244025
DONE: 2023-10-14 12:48:49.462
