START: 2023-10-06 17:08:44.093
SEEDS: 2023-10-06 17:08:52.473
RUN: 2023-10-17 13:23:06.860
REACHED: 2023-10-17 13:23:06.880643745 +0000 UTC m=+0.015304389
TIMEDOUT: 2023-10-17 13:33:06.866
