START: 2023-10-09 14:03:17.428
SEEDS: 2023-10-09 14:04:11.352
RUN: 2023-10-13 05:03:45.868
REACHED: 2023-10-13 05:03:45.929117893 +0000 UTC m=+0.055146269
DONE: 2023-10-13 05:03:53.107
