START: 2023-09-29 14:11:06.813
SEEDS: 2023-09-29 14:11:50.228
RUN: 2023-10-12 22:29:33.710
REACHED: 2023-10-12 22:29:33.732301565 +0000 UTC m=+0.016884666
DONE: 2023-10-12 22:29:44.743
