START: 2023-10-05 15:13:59.811
SEEDS: 2023-10-05 15:16:46.072
RUN: 2023-10-18 08:49:28.810
REACHED: 2023-10-18 08:49:28.826924033 +0000 UTC m=+0.010822623
TIMEDOUT: 2023-10-18 08:59:28.817
