START: 2023-10-10 10:44:01.588
SEEDS: 2023-10-10 10:44:33.427
RUN: 2023-10-13 08:20:33.858
REACHED: 2023-10-13 08:20:34.077637633 +0000 UTC m=+0.213869429
TIMEDOUT: 2023-10-13 08:30:33.865
