START: 2023-10-08 19:42:03.095
SEEDS: 2023-10-08 19:42:36.454
RUN: 2023-10-12 14:12:55.297
REACHED: 2023-10-12 14:12:55.31588067 +0000 UTC m=+0.012672256
DONE: 2023-10-12 14:13:37.439
