START: 2023-10-09 14:16:06.336
SEEDS: 2023-10-09 14:16:58.302
RUN: 2023-10-13 05:04:27.171
REACHED: 2023-10-13 05:04:27.52966478 +0000 UTC m=+0.353391995
DONE: 2023-10-13 05:08:18.490
