START: 2023-10-08 16:56:48.074
SEEDS: 2023-10-08 16:57:02.711
RUN: 2023-10-12 15:40:22.384
REACHED: 2023-10-12 15:40:22.402474887 +0000 UTC m=+0.012482442
DONE: 2023-10-12 15:40:42.801
