START: 2023-10-10 16:49:41.464
SEEDS: 2023-10-10 16:50:19.223
RUN: 2023-10-13 01:53:16.361
REACHED: 2023-10-13 01:53:16.422949759 +0000 UTC m=+0.056140271
DONE: 2023-10-13 01:54:11.294
