START: 2023-10-10 17:59:05.448
SEEDS: 2023-10-10 17:59:05.457
RUN: 2023-10-10 17:59:05.458
REACHED: 2023-10-10 17:59:05.50838239 +0000 UTC m=+0.044652953
DONE: 2023-10-10 18:00:24.768
