START: 2023-10-10 10:35:14.974
SEEDS: 2023-10-10 10:35:56.722
RUN: 2023-10-13 08:31:35.824
REACHED: 2023-10-13 08:31:35.943101048 +0000 UTC m=+0.113368764
DONE: 2023-10-13 08:32:51.666
