START: 2023-10-04 19:12:23.148
SEEDS: 2023-10-04 19:14:22.704
RUN: 2023-10-14 12:33:52.888
REACHED: 2023-10-14 12:33:52.930461886 +0000 UTC m=+0.036730851
DONE: 2023-10-14 12:33:54.707
