START: 2023-09-14 09:58:06.656
REACHED: 2023-09-14 09:58:06.672475753 +0000 UTC m=+0.012491750
DONE: 2023-09-14 09:58:15.591
