START: 2023-10-06 19:20:06.866
SEEDS: 2023-10-06 19:34:10.215
RUN: 2023-10-16 15:45:59.693
REACHED: 2023-10-16 15:45:59.713314809 +0000 UTC m=+0.014146437
TIMEDOUT: 2023-10-16 15:55:59.700
