START: 2023-10-13 09:18:19.589
SEEDS: 2023-10-13 09:25:16.766
RUN: 2023-10-13 14:09:43.052
REACHED: 2023-10-13 14:09:43.070546507 +0000 UTC m=+0.012503739
DONE: 2023-10-13 14:09:43.635
