START: 2023-10-11 20:07:07.602
SEEDS: 2023-10-11 20:08:19.888
RUN: 2023-10-13 16:51:52.484
REACHED: 2023-10-13 16:51:52.571211098 +0000 UTC m=+0.082122079
DONE: 2023-10-13 16:51:53.576
