START: 2023-10-11 21:12:58.389
SEEDS: 2023-10-11 21:14:46.544
RUN: 2023-10-16 09:10:08.874
REACHED: 2023-10-16 09:10:08.89250749 +0000 UTC m=+0.013283345
TIMEDOUT: 2023-10-16 09:20:08.880
