START: 2023-10-08 18:56:17.778
SEEDS: 2023-10-08 18:56:37.830
RUN: 2023-10-13 13:20:03.805
REACHED: 2023-10-13 13:20:03.902922312 +0000 UTC m=+0.092350989
DONE: 2023-10-13 13:24:11.405
