START: 2023-10-10 18:34:22.829
SEEDS: 2023-10-10 18:35:51.122
RUN: 2023-10-12 23:15:07.497
REACHED: 2023-10-12 23:15:07.684192593 +0000 UTC m=+0.181719523
DONE: 2023-10-12 23:20:44.784
