START: 2023-10-08 17:10:05.383
SEEDS: 2023-10-08 17:10:13.097
RUN: 2023-10-16 23:23:02.260
REACHED: 2023-10-16 23:23:02.278954552 +0000 UTC m=+0.012894125
TIMEDOUT: 2023-10-16 23:33:02.267
