START: 2023-10-05 13:24:31.778
SEEDS: 2023-10-05 13:25:21.008
RUN: 2023-10-18 15:48:52.767
REACHED: 2023-10-18 15:48:52.786788855 +0000 UTC m=+0.014375940
TIMEDOUT: 2023-10-18 15:58:52.773
