START: 2023-10-08 19:48:21.199
SEEDS: 2023-10-08 19:49:01.427
RUN: 2023-10-13 12:23:20.728
REACHED: 2023-10-13 12:23:20.975505248 +0000 UTC m=+0.241597705
DONE: 2023-10-13 12:23:32.599
