START: 2023-10-08 19:41:33.158
SEEDS: 2023-10-08 19:42:03.086
RUN: 2023-10-12 14:12:39.129
REACHED: 2023-10-12 14:12:39.146820526 +0000 UTC m=+0.012543510
DONE: 2023-10-12 14:12:41.877
