START: 2023-10-10 16:42:59.313
SEEDS: 2023-10-10 16:43:35.820
RUN: 2023-10-13 01:09:04.168
REACHED: 2023-10-13 01:09:04.591769026 +0000 UTC m=+0.418127951
TIMEDOUT: 2023-10-13 01:19:04.175
