START: 2023-09-25 14:41:22.617
SEEDS: 2023-09-25 14:42:09.961
RUN: 2023-10-12 16:10:37.628
REACHED: 2023-10-12 16:10:37.646495271 +0000 UTC m=+0.012479379
DONE: 2023-10-12 16:11:01.413
