START: 2023-10-09 13:05:26.675
SEEDS: 2023-10-09 13:05:39.797
RUN: 2023-10-15 13:20:43.471
REACHED: 2023-10-15 13:20:43.490484096 +0000 UTC m=+0.013569894
TIMEDOUT: 2023-10-15 13:30:43.478
