START: 2023-10-08 18:42:19.939
SEEDS: 2023-10-08 18:42:46.194
RUN: 2023-10-12 14:19:25.789
REACHED: 2023-10-12 14:19:25.807243514 +0000 UTC m=+0.012495157
DONE: 2023-10-12 14:19:43.479
