START: 2023-10-10 16:53:20.708
SEEDS: 2023-10-10 16:53:55.507
RUN: 2023-10-14 22:59:38.426
REACHED: 2023-10-14 22:59:38.447352442 +0000 UTC m=+0.015497547
TIMEDOUT: 2023-10-14 23:09:38.433
