START: 2023-10-06 17:34:39.440
SEEDS: 2023-10-06 17:34:46.728
RUN: 2023-10-17 07:25:10.492
REACHED: 2023-10-17 07:25:10.520530379 +0000 UTC m=+0.022413309
TIMEDOUT: 2023-10-17 07:35:10.499
