START: 2023-10-10 18:35:51.131
SEEDS: 2023-10-10 18:37:19.716
RUN: 2023-10-12 23:28:29.438
REACHED: 2023-10-12 23:28:29.673150552 +0000 UTC m=+0.229322112
DONE: 2023-10-12 23:29:02.268
