START: 2023-10-13 12:22:31.974
SEEDS: 2023-10-13 12:24:49.486
RUN: 2023-10-17 19:45:58.030
REACHED: 2023-10-17 19:45:58.051828565 +0000 UTC m=+0.016388931
TIMEDOUT: 2023-10-17 19:55:58.036
