START: 2023-10-04 15:37:43.782
SEEDS: 2023-10-04 15:42:46.934
RUN: 2023-10-14 17:21:55.311
REACHED: 2023-10-14 17:21:55.330704022 +0000 UTC m=+0.013723765
DONE: 2023-10-14 17:31:45.469
