START: 2023-10-06 17:29:24.245
SEEDS: 2023-10-06 17:29:32.848
RUN: 2023-10-14 01:29:31.652
REACHED: 2023-10-14 01:29:31.721102464 +0000 UTC m=+0.063758428
DONE: 2023-10-14 01:29:34.706
