START: 2023-10-04 17:59:58.062
SEEDS: 2023-10-04 18:00:27.418
RUN: 2023-10-18 20:08:12.727
REACHED: 2023-10-18 20:08:12.745953699 +0000 UTC m=+0.013192875
TIMEDOUT: 2023-10-18 20:18:12.734
