START: 2023-09-29 12:00:35.238
SEEDS: 2023-09-29 12:03:16.456
RUN: 2023-10-12 21:21:54.698
REACHED: 2023-10-12 21:21:54.71655672 +0000 UTC m=+0.012554631
DONE: 2023-10-12 21:23:36.185
