START: 2023-10-05 10:58:01.468
SEEDS: 2023-10-05 11:00:48.062
RUN: 2023-10-18 02:03:50.145
REACHED: 2023-10-18 02:03:50.163394504 +0000 UTC m=+0.013128343
TIMEDOUT: 2023-10-18 02:13:50.151
