START: 2023-09-20 10:15:18.549
SEEDS: 2023-09-20 10:15:27.388
RUN: 2023-10-12 16:36:08.004
REACHED: 2023-10-12 16:36:08.022739768 +0000 UTC m=+0.012750286
DONE: 2023-10-12 16:37:02.722
