START: 2023-09-25 11:58:45.253
SEEDS: 2023-09-25 11:58:51.752
REACHED: 2023-09-25 11:58:51.771663106 +0000 UTC m=+0.013562207
DONE: 2023-09-25 11:59:26.513
