START: 2023-10-10 16:20:45.680
SEEDS: 2023-10-10 16:22:01.323
RUN: 2023-10-12 13:12:41.942
REACHED: 2023-10-12 13:12:41.960492373 +0000 UTC m=+0.012556059
DONE: 2023-10-12 13:13:34.618
