START: 2023-10-11 16:59:03.103
SEEDS: 2023-10-11 16:59:45.864
RUN: 2023-10-13 18:02:34.480
REACHED: 2023-10-13 18:02:34.598919579 +0000 UTC m=+0.113260238
DONE: 2023-10-13 18:02:34.924
