START: 2023-09-25 14:42:09.967
SEEDS: 2023-09-25 14:42:23.718
RUN: 2023-10-12 16:11:01.437
REACHED: 2023-10-12 16:11:01.455438044 +0000 UTC m=+0.012608359
DONE: 2023-10-12 16:12:04.143
