START: 2023-09-18 09:56:06.218
SEEDS: 2023-09-18 09:56:18.943
RUN: 2023-10-12 15:34:53.681
REACHED: 2023-10-12 15:34:53.699268244 +0000 UTC m=+0.012550278
DONE: 2023-10-12 15:35:54.310
