START: 2023-10-08 17:09:38.496
SEEDS: 2023-10-08 17:09:45.581
RUN: 2023-10-16 21:27:39.421
REACHED: 2023-10-16 21:27:39.447356614 +0000 UTC m=+0.020318930
TIMEDOUT: 2023-10-16 21:37:39.428
