START: 2023-10-09 04:45:41.337
SEEDS: 2023-10-09 05:01:43.577
RUN: 2023-10-09 05:01:43.578
REACHED: 2023-10-09 05:01:43.603170724 +0000 UTC m=+0.019349260
TIMEDOUT: 2023-10-09 05:11:43.585
