START: 2023-10-11 20:10:19.645
SEEDS: 2023-10-11 20:12:18.728
RUN: 2023-10-13 15:45:14.416
REACHED: 2023-10-13 15:45:14.927188953 +0000 UTC m=+0.505135638
TIMEDOUT: 2023-10-13 15:55:14.423
