START: 2023-09-26 18:26:26.159
SEEDS: 2023-09-26 18:26:54.339
RUN: 2023-10-12 21:07:42.123
REACHED: 2023-10-12 21:07:42.141273893 +0000 UTC m=+0.012498553
DONE: 2023-10-12 21:08:25.648
