START: 2023-10-13 09:44:36.931
SEEDS: 2023-10-13 09:54:27.241
RUN: 2023-10-14 06:54:50.109
REACHED: 2023-10-14 06:54:50.212476748 +0000 UTC m=+0.098026511
DONE: 2023-10-14 06:54:50.526
