START: 2023-10-08 20:18:01.762
SEEDS: 2023-10-08 20:18:34.284
RUN: 2023-10-16 00:54:51.239
REACHED: 2023-10-16 00:54:51.255466679 +0000 UTC m=+0.010373604
TIMEDOUT: 2023-10-16 01:04:51.246
