START: 2023-10-09 12:46:36.296
SEEDS: 2023-10-09 12:47:06.419
RUN: 2023-10-13 06:08:53.529
REACHED: 2023-10-13 06:08:53.646232496 +0000 UTC m=+0.112208289
DONE: 2023-10-13 06:09:31.443
