START: 2023-10-09 12:38:14.200
SEEDS: 2023-10-09 12:38:53.913
RUN: 2023-10-12 13:56:45.753
REACHED: 2023-10-12 13:56:45.770987398 +0000 UTC m=+0.012653080
DONE: 2023-10-12 13:57:00.751
