START: 2023-10-08 20:15:52.664
SEEDS: 2023-10-08 20:16:24.891
RUN: 2023-10-15 22:14:50.945
REACHED: 2023-10-15 22:14:50.965907818 +0000 UTC m=+0.014810529
TIMEDOUT: 2023-10-15 22:24:50.952
