START: 2023-10-13 10:11:33.756
SEEDS: 2023-10-13 10:12:13.943
RUN: 2023-10-14 07:14:50.819
REACHED: 2023-10-14 07:14:50.900239643 +0000 UTC m=+0.075576954
TIMEDOUT: 2023-10-14 07:24:50.826
