START: 2023-10-08 19:55:15.478
SEEDS: 2023-10-08 19:55:45.115
RUN: 2023-10-13 10:52:46.341
REACHED: 2023-10-13 10:52:46.5229383 +0000 UTC m=+0.176515663
DONE: 2023-10-13 10:59:58.446
