START: 2023-10-13 13:06:34.421
SEEDS: 2023-10-13 13:10:57.331
RUN: 2023-10-17 22:13:49.721
REACHED: 2023-10-17 22:13:49.745122638 +0000 UTC m=+0.018426757
TIMEDOUT: 2023-10-17 22:23:49.728
