START: 2023-10-11 18:08:06.105
SEEDS: 2023-10-11 18:08:31.834
RUN: 2023-10-16 12:45:59.358
REACHED: 2023-10-16 12:45:59.375894553 +0000 UTC m=+0.012540692
TIMEDOUT: 2023-10-16 12:55:59.364
