START: 2023-10-09 14:35:20.775
SEEDS: 2023-10-09 14:36:03.669
RUN: 2023-10-15 10:30:43.157
REACHED: 2023-10-15 10:30:43.185223789 +0000 UTC m=+0.022101343
TIMEDOUT: 2023-10-15 10:40:43.164
