START: 2023-10-08 18:55:24.382
SEEDS: 2023-10-08 18:55:52.073
RUN: 2023-10-13 13:17:22.181
REACHED: 2023-10-13 13:17:22.271515918 +0000 UTC m=+0.085286735
DONE: 2023-10-13 13:18:46.796
