START: 2023-09-25 12:33:09.480
SEEDS: 2023-09-25 12:33:16.277
RUN: 2023-10-12 16:26:37.490
REACHED: 2023-10-12 16:26:37.508664614 +0000 UTC m=+0.012538007
DONE: 2023-10-12 16:26:51.358
