START: 2023-09-30 15:37:37.647
SEEDS: 2023-09-30 15:37:37.655
REACHED: 2023-09-30 15:37:37.842413132 +0000 UTC m=+0.181794529
DONE: 2023-09-30 15:37:50.661
