START: 2023-10-05 12:13:01.233
SEEDS: 2023-10-05 12:15:03.440
RUN: 2023-10-14 16:08:49.957
REACHED: 2023-10-14 16:08:50.072035226 +0000 UTC m=+0.109878007
DONE: 2023-10-14 16:10:38.998
