START: 2023-10-05 16:22:18.175
SEEDS: 2023-10-05 16:22:18.184
RUN: 2023-10-05 16:22:18.185
REACHED: 2023-10-05 16:22:18.200245268 +0000 UTC m=+0.009473396
TIMEDOUT: 2023-10-05 16:32:18.192
