START: 2023-09-26 18:01:53.406
SEEDS: 2023-09-26 18:06:21.446
RUN: 2023-10-12 21:01:57.817
REACHED: 2023-10-12 21:01:57.834774529 +0000 UTC m=+0.012456968
DONE: 2023-10-12 21:02:32.790
