START: 2023-10-06 17:18:01.690
SEEDS: 2023-10-06 17:18:29.992
RUN: 2023-10-17 14:09:06.714
REACHED: 2023-10-17 14:09:06.735156209 +0000 UTC m=+0.015700386
TIMEDOUT: 2023-10-17 14:19:06.720
