START: 2023-10-10 10:58:26.062
SEEDS: 2023-10-10 10:58:58.511
RUN: 2023-10-15 19:20:43.298
REACHED: 2023-10-15 19:20:43.319102743 +0000 UTC m=+0.015887525
TIMEDOUT: 2023-10-15 19:30:43.304
