START: 2023-09-14 16:08:07.847
SEEDS: 2023-09-14 16:09:43.084
RUN: 2023-10-12 13:28:09.878
REACHED: 2023-10-12 13:28:09.896728827 +0000 UTC m=+0.012571075
DONE: 2023-10-12 13:28:15.589
