START: 2023-10-07 10:08:28.273
SEEDS: 2023-10-07 10:08:41.795
RUN: 2023-10-15 07:02:39.080
REACHED: 2023-10-15 07:02:39.102480733 +0000 UTC m=+0.016311635
TIMEDOUT: 2023-10-15 07:12:39.087
