START: 2023-10-04 20:00:49.836
SEEDS: 2023-10-04 20:04:23.286
RUN: 2023-10-18 06:04:26.085
REACHED: 2023-10-18 06:04:26.101111114 +0000 UTC m=+0.010694032
TIMEDOUT: 2023-10-18 06:14:26.091
