START: 2023-10-11 19:27:28.647
SEEDS: 2023-10-11 19:29:01.814
RUN: 2023-10-12 15:01:41.231
REACHED: 2023-10-12 15:01:41.249571102 +0000 UTC m=+0.012534998
DONE: 2023-10-12 15:02:30.203
