START: 2023-10-06 17:36:30.878
SEEDS: 2023-10-06 17:36:38.542
RUN: 2023-10-17 07:45:10.529
REACHED: 2023-10-17 07:45:10.550822392 +0000 UTC m=+0.016108460
TIMEDOUT: 2023-10-17 07:55:10.536
