START: 2023-10-10 17:03:03.043
SEEDS: 2023-10-10 17:03:03.052
RUN: 2023-10-10 17:03:03.054
REACHED: 2023-10-10 17:03:03.071855636 +0000 UTC m=+0.012468859
DONE: 2023-10-10 17:03:23.182
