START: 2023-10-11 19:57:57.083
SEEDS: 2023-10-11 19:59:53.727
RUN: 2023-10-13 15:43:59.696
REACHED: 2023-10-13 15:43:59.807744962 +0000 UTC m=+0.105767108
DONE: 2023-10-13 15:45:14.409
