START: 2023-10-10 14:16:34.708
RUN: 2023-10-10 14:16:34.709
REACHED: 2023-10-10 14:16:35.998516547 +0000 UTC m=+1.283526161
DONE: 2023-10-10 14:23:27.320
