START: 2023-10-08 18:58:37.453
SEEDS: 2023-10-08 18:59:04.150
RUN: 2023-10-13 13:42:03.232
REACHED: 2023-10-13 13:42:03.558065948 +0000 UTC m=+0.320611132
DONE: 2023-10-13 13:44:24.906
