START: 2023-10-07 01:22:21.078
SEEDS: 2023-10-07 01:30:38.968
RUN: 2023-10-13 02:05:31.143
REACHED: 2023-10-13 02:05:31.370303633 +0000 UTC m=+0.221939171
DONE: 2023-10-13 02:07:41.834
