START: 2023-10-10 10:42:38.961
SEEDS: 2023-10-10 10:43:13.819
RUN: 2023-10-13 09:57:29.729
REACHED: 2023-10-13 09:57:30.058898321 +0000 UTC m=+0.324601291
DONE: 2023-10-13 10:06:30.483
