START: 2023-10-08 18:57:45.288
SEEDS: 2023-10-08 18:58:11.867
RUN: 2023-10-13 13:36:02.568
REACHED: 2023-10-13 13:36:02.611084955 +0000 UTC m=+0.038099058
DONE: 2023-10-13 13:38:11.942
