START: 2023-10-10 11:05:38.208
SEEDS: 2023-10-10 11:06:10.801
RUN: 2023-10-15 19:40:43.334
REACHED: 2023-10-15 19:40:43.354484401 +0000 UTC m=+0.015133175
TIMEDOUT: 2023-10-15 19:50:43.340
