START: 2023-10-04 17:42:10.963
SEEDS: 2023-10-04 17:44:55.777
RUN: 2023-10-18 19:00:10.863
REACHED: 2023-10-18 19:00:10.880945656 +0000 UTC m=+0.012352547
TIMEDOUT: 2023-10-18 19:10:10.870
