START: 2023-09-25 12:37:04.327
SEEDS: 2023-09-25 12:37:14.050
RUN: 2023-10-12 16:34:52.526
REACHED: 2023-10-12 16:34:52.54375176 +0000 UTC m=+0.012316475
DONE: 2023-10-12 16:35:23.275
