START: 2023-10-05 12:57:19.649
SEEDS: 2023-10-05 13:00:50.555
RUN: 2023-10-18 13:45:40.672
REACHED: 2023-10-18 13:45:40.69024398 +0000 UTC m=+0.012029170
DONE: 2023-10-18 13:48:52.535
