START: 2023-10-09 12:37:02.206
SEEDS: 2023-10-09 12:37:19.088
RUN: 2023-10-12 13:55:25.311
REACHED: 2023-10-12 13:55:25.329209035 +0000 UTC m=+0.012701163
DONE: 2023-10-12 13:55:25.373
