START: 2023-10-11 19:06:22.741
SEEDS: 2023-10-11 19:08:20.582
RUN: 2023-10-12 14:40:59.909
REACHED: 2023-10-12 14:40:59.927115264 +0000 UTC m=+0.012581098
DONE: 2023-10-12 14:42:35.409
