START: 2023-09-30 15:48:43.753
SEEDS: 2023-09-30 15:48:43.762
REACHED: 2023-09-30 15:48:43.782851413 +0000 UTC m=+0.015623558
DONE: 2023-09-30 15:48:45.987
