START: 2023-10-11 19:59:53.736
SEEDS: 2023-10-11 20:01:54.476
RUN: 2023-10-13 16:05:20.189
REACHED: 2023-10-13 16:05:20.348654052 +0000 UTC m=+0.154141729
DONE: 2023-10-13 16:08:14.089
