START: 2023-10-04 19:33:53.991
SEEDS: 2023-10-04 19:38:28.251
RUN: 2023-10-18 03:24:25.794
REACHED: 2023-10-18 03:24:25.812820675 +0000 UTC m=+0.013583837
TIMEDOUT: 2023-10-18 03:34:25.800
