START: 2023-10-10 11:00:38.331
SEEDS: 2023-10-10 11:01:05.181
RUN: 2023-10-15 17:47:07.441
REACHED: 2023-10-15 17:47:07.457324179 +0000 UTC m=+0.010272608
TIMEDOUT: 2023-10-15 17:57:07.448
