START: 2023-09-25 12:36:33.095
SEEDS: 2023-09-25 12:36:39.910
RUN: 2023-10-12 16:34:17.669
REACHED: 2023-10-12 16:34:17.687819941 +0000 UTC m=+0.012640813
DONE: 2023-10-12 16:34:52.498
