START: 2023-10-05 12:23:21.595
SEEDS: 2023-10-05 12:24:03.520
RUN: 2023-10-14 16:32:38.613
REACHED: 2023-10-14 16:32:38.692498831 +0000 UTC m=+0.074003935
TIMEDOUT: 2023-10-14 16:42:38.620
