START: 2023-10-07 07:48:03.556
SEEDS: 2023-10-07 07:48:21.506
RUN: 2023-10-15 04:59:27.176
REACHED: 2023-10-15 04:59:27.195932708 +0000 UTC m=+0.014281553
TIMEDOUT: 2023-10-15 05:09:27.183
