START: 2023-10-10 18:40:01.534
SEEDS: 2023-10-10 18:41:30.472
RUN: 2023-10-13 00:03:26.866
REACHED: 2023-10-13 00:03:27.060703564 +0000 UTC m=+0.189609085
DONE: 2023-10-13 00:07:47.176
