START: 2023-10-10 18:13:09.711
SEEDS: 2023-10-10 18:14:38.369
RUN: 2023-10-12 23:03:20.983
REACHED: 2023-10-12 23:03:21.011849558 +0000 UTC m=+0.023369376
TIMEDOUT: 2023-10-12 23:13:20.990
