START: 2023-10-05 09:23:33.592
SEEDS: 2023-10-05 09:26:23.564
RUN: 2023-10-14 10:46:14.505
REACHED: 2023-10-14 10:46:14.548752901 +0000 UTC m=+0.038405343
TIMEDOUT: 2023-10-14 10:56:14.511
