START: 2023-10-10 19:30:25.099
SEEDS: 2023-10-10 19:30:25.108
RUN: 2023-10-10 19:30:25.110
REACHED: 2023-10-10 19:30:25.124641686 +0000 UTC m=+0.009367939
TIMEDOUT: 2023-10-10 19:40:25.116
