START: 2023-10-08 17:06:08.493
SEEDS: 2023-10-08 17:06:25.644
RUN: 2023-10-13 21:43:44.850
REACHED: 2023-10-13 21:43:45.013361193 +0000 UTC m=+0.157454532
TIMEDOUT: 2023-10-13 21:53:44.857
