START: 2023-10-10 16:25:52.830
SEEDS: 2023-10-10 16:26:32.035
RUN: 2023-10-12 13:17:24.738
REACHED: 2023-10-12 13:17:24.757765059 +0000 UTC m=+0.013812508
DONE: 2023-10-12 13:17:26.239
