START: 2023-10-11 20:29:58.121
SEEDS: 2023-10-11 20:31:55.954
RUN: 2023-10-13 16:08:14.940
REACHED: 2023-10-13 16:08:15.014302698 +0000 UTC m=+0.069322607
DONE: 2023-10-13 16:08:18.807
