START: 2023-10-05 13:27:52.256
RUN: 2023-10-05 13:27:52.258
REACHED: 2023-10-05 13:27:52.277807092 +0000 UTC m=+0.014118626
TIMEDOUT: 2023-10-05 13:37:52.265
