START: 2023-10-11 15:55:36.305
SEEDS: 2023-10-11 15:56:14.212
RUN: 2023-10-13 17:17:45.285
REACHED: 2023-10-13 17:17:45.569692504 +0000 UTC m=+0.278883114
DONE: 2023-10-13 17:21:52.629
