START: 2023-10-09 12:56:53.866
SEEDS: 2023-10-09 12:57:06.806
RUN: 2023-10-15 12:40:43.396
REACHED: 2023-10-15 12:40:43.420425511 +0000 UTC m=+0.018611367
TIMEDOUT: 2023-10-15 12:50:43.403
