START: 2023-09-18 09:42:29.436
SEEDS: 2023-09-18 09:42:45.184
RUN: 2023-10-12 15:27:26.187
REACHED: 2023-10-12 15:27:26.206830941 +0000 UTC m=+0.013762861
DONE: 2023-10-12 15:27:53.996
