START: 2023-10-07 00:08:33.009
SEEDS: 2023-10-07 00:11:10.360
RUN: 2023-10-16 18:57:39.147
REACHED: 2023-10-16 18:57:39.163871171 +0000 UTC m=+0.011147580
TIMEDOUT: 2023-10-16 19:07:39.154
