START: 2023-10-06 16:47:25.976
SEEDS: 2023-10-06 16:47:35.367
RUN: 2023-10-14 04:16:26.845
REACHED: 2023-10-14 04:16:26.881463035 +0000 UTC m=+0.030695697
DONE: 2023-10-14 04:18:33.543
