START: 2023-10-04 19:17:51.782
SEEDS: 2023-10-04 19:19:55.378
RUN: 2023-10-14 12:35:13.893
REACHED: 2023-10-14 12:35:14.399176347 +0000 UTC m=+0.500816699
DONE: 2023-10-14 12:37:43.961
