START: 2023-10-04 15:22:13.184
SEEDS: 2023-10-04 15:28:44.562
RUN: 2023-10-14 17:10:39.617
REACHED: 2023-10-14 17:10:39.670285723 +0000 UTC m=+0.047703334
DONE: 2023-10-14 17:10:39.913
