START: 2023-10-06 17:18:37.292
SEEDS: 2023-10-06 17:18:46.200
RUN: 2023-10-17 14:29:06.751
REACHED: 2023-10-17 14:29:06.782472283 +0000 UTC m=+0.026021625
TIMEDOUT: 2023-10-17 14:39:06.757
