START: 2023-10-08 19:51:48.662
SEEDS: 2023-10-08 19:52:28.110
RUN: 2023-10-13 11:40:27.218
REACHED: 2023-10-13 11:40:27.297182295 +0000 UTC m=+0.074043867
DONE: 2023-10-13 11:40:40.105
