START: 2023-10-10 14:50:56.934
RUN: 2023-10-10 14:50:56.935
REACHED: 2023-10-10 14:50:57.159462279 +0000 UTC m=+0.218590228
DONE: 2023-10-10 14:51:41.602
