START: 2023-10-08 19:16:34.305
SEEDS: 2023-10-08 19:17:35.266
RUN: 2023-10-16 04:54:51.693
REACHED: 2023-10-16 04:54:51.715658779 +0000 UTC m=+0.017117611
TIMEDOUT: 2023-10-16 05:04:51.699
