START: 2023-10-08 20:03:52.151
SEEDS: 2023-10-08 20:04:27.491
RUN: 2023-10-15 21:04:50.817
REACHED: 2023-10-15 21:04:50.838060772 +0000 UTC m=+0.015338423
TIMEDOUT: 2023-10-15 21:14:50.824
