START: 2023-09-26 18:38:13.369
SEEDS: 2023-09-26 18:38:42.797
RUN: 2023-10-12 21:10:51.192
REACHED: 2023-10-12 21:10:51.210044161 +0000 UTC m=+0.012483498
DONE: 2023-10-12 21:10:59.730
