START: 2023-10-05 11:00:48.068
SEEDS: 2023-10-05 11:03:34.771
RUN: 2023-10-18 02:43:50.218
REACHED: 2023-10-18 02:43:50.242998366 +0000 UTC m=+0.019174056
DONE: 2023-10-18 02:47:44.352
