START: 2023-10-11 17:06:19.302
SEEDS: 2023-10-11 17:25:29.241
RUN: 2023-10-16 11:00:38.880
REACHED: 2023-10-16 11:00:38.901756284 +0000 UTC m=+0.015598209
TIMEDOUT: 2023-10-16 11:10:38.887
