START: 2023-10-06 17:04:40.979
SEEDS: 2023-10-06 17:04:51.590
RUN: 2023-10-14 04:48:26.991
REACHED: 2023-10-14 04:48:27.101466805 +0000 UTC m=+0.104638266
DONE: 2023-10-14 04:54:21.854
