START: 2023-10-06 17:16:07.896
SEEDS: 2023-10-06 17:16:27.272
RUN: 2023-10-14 06:29:26.637
REACHED: 2023-10-14 06:29:26.987042496 +0000 UTC m=+0.344807699
DONE: 2023-10-14 06:32:01.496
