START: 2023-09-18 09:57:05.833
SEEDS: 2023-09-18 09:57:23.217
RUN: 2023-10-12 15:35:54.346
REACHED: 2023-10-12 15:35:54.364404929 +0000 UTC m=+0.012426456
DONE: 2023-10-12 15:36:31.640
