START: 2023-09-29 10:36:24.883
SEEDS: 2023-09-29 10:36:54.950
RUN: 2023-10-12 21:40:10.389
REACHED: 2023-10-12 21:40:10.408161547 +0000 UTC m=+0.013591596
DONE: 2023-10-12 21:40:10.507
