START: 2023-10-07 08:18:49.811
SEEDS: 2023-10-07 08:19:36.090
RUN: 2023-10-15 05:22:38.896
REACHED: 2023-10-15 05:22:38.915846642 +0000 UTC m=+0.014642715
TIMEDOUT: 2023-10-15 05:32:38.902
