START: 2023-10-10 14:15:44.143
RUN: 2023-10-10 14:15:44.144
REACHED: 2023-10-10 14:15:44.901205629 +0000 UTC m=+0.751514062
DONE: 2023-10-10 14:15:51.676
