START: 2023-10-11 21:14:46.553
SEEDS: 2023-10-11 21:16:34.312
RUN: 2023-10-16 09:50:08.947
REACHED: 2023-10-16 09:50:08.972048905 +0000 UTC m=+0.019520806
TIMEDOUT: 2023-10-16 10:00:08.954
