START: 2023-09-26 18:07:48.871
SEEDS: 2023-09-26 18:12:17.569
RUN: 2023-10-12 21:03:26.563
REACHED: 2023-10-12 21:03:26.581428556 +0000 UTC m=+0.012482266
DONE: 2023-10-12 21:03:46.634
