START: 2023-10-05 14:43:24.838
SEEDS: 2023-10-05 14:46:10.807
RUN: 2023-10-14 15:32:20.024
REACHED: 2023-10-14 15:32:20.500404337 +0000 UTC m=+0.470732030
DONE: 2023-10-14 15:34:24.624
