START: 2023-10-05 14:07:32.337
SEEDS: 2023-10-05 14:10:17.050
RUN: 2023-10-14 15:35:20.995
REACHED: 2023-10-14 15:35:21.169145876 +0000 UTC m=+0.168993018
DONE: 2023-10-14 15:35:21.576
