START: 2023-10-04 17:11:55.309
SEEDS: 2023-10-04 17:14:09.472
RUN: 2023-10-18 16:55:44.106
REACHED: 2023-10-18 16:55:44.126989654 +0000 UTC m=+0.015401093
TIMEDOUT: 2023-10-18 17:05:44.113
