START: 2023-10-06 16:24:34.397
SEEDS: 2023-10-06 16:24:54.030
RUN: 2023-10-13 19:31:32.916
REACHED: 2023-10-13 19:31:33.073247506 +0000 UTC m=+0.152129398
DONE: 2023-10-13 19:32:15.902
