START: 2023-10-13 11:45:26.914
SEEDS: 2023-10-13 12:05:20.265
RUN: 2023-10-17 18:25:57.883
REACHED: 2023-10-17 18:25:57.903765457 +0000 UTC m=+0.015384797
TIMEDOUT: 2023-10-17 18:35:57.889
