START: 2023-10-05 13:01:39.458
SEEDS: 2023-10-05 13:05:09.865
RUN: 2023-10-18 13:58:52.564
REACHED: 2023-10-18 13:58:52.58344748 +0000 UTC m=+0.013391658
TIMEDOUT: 2023-10-18 14:08:52.571
