START: 2023-10-08 19:12:55.659
SEEDS: 2023-10-08 19:13:13.761
RUN: 2023-10-16 03:34:51.537
REACHED: 2023-10-16 03:34:51.561346569 +0000 UTC m=+0.018859466
TIMEDOUT: 2023-10-16 03:44:51.543
