START: 2023-10-10 17:06:54.603
SEEDS: 2023-10-10 17:07:25.397
RUN: 2023-10-15 01:34:16.939
REACHED: 2023-10-15 01:34:16.95860288 +0000 UTC m=+0.013975160
TIMEDOUT: 2023-10-15 01:44:16.946
