START: 2023-09-18 10:01:09.596
SEEDS: 2023-09-18 10:01:26.314
RUN: 2023-10-12 15:38:29.870
REACHED: 2023-10-12 15:38:29.888242956 +0000 UTC m=+0.012646376
DONE: 2023-10-12 15:39:11.221
