START: 2023-10-05 15:07:52.489
RUN: 2023-10-05 15:07:52.491
REACHED: 2023-10-05 15:07:52.512279223 +0000 UTC m=+0.015972715
TIMEDOUT: 2023-10-05 15:17:52.497
