START: 2023-10-08 17:00:15.924
SEEDS: 2023-10-08 17:00:25.628
RUN: 2023-10-12 15:56:32.371
REACHED: 2023-10-12 15:56:32.389397989 +0000 UTC m=+0.012546674
DONE: 2023-10-12 15:58:51.575
