START: 2023-10-08 18:40:39.958
SEEDS: 2023-10-08 18:40:58.201
RUN: 2023-10-12 14:18:24.549
REACHED: 2023-10-12 14:18:24.567278646 +0000 UTC m=+0.012547343
DONE: 2023-10-12 14:18:41.288
