START: 2023-10-05 12:32:11.457
SEEDS: 2023-10-05 12:36:45.646
RUN: 2023-10-18 12:02:26.657
REACHED: 2023-10-18 12:02:26.675530201 +0000 UTC m=+0.012634087
TIMEDOUT: 2023-10-18 12:12:26.664
