START: 2023-10-05 08:55:56.435
SEEDS: 2023-10-05 08:58:41.794
RUN: 2023-10-14 09:46:05.658
REACHED: 2023-10-14 09:46:05.916991216 +0000 UTC m=+0.253789350
TIMEDOUT: 2023-10-14 09:56:05.664
