START: 2023-10-10 10:20:54.277
SEEDS: 2023-10-10 10:21:31.725
RUN: 2023-10-12 13:58:55.063
REACHED: 2023-10-12 13:58:55.080887247 +0000 UTC m=+0.012508726
DONE: 2023-10-12 13:59:49.859
