START: 2023-09-27 13:54:16.601
SEEDS: 2023-09-27 13:56:57.611
RUN: 2023-10-12 20:43:40.689
REACHED: 2023-10-12 20:43:40.707180025 +0000 UTC m=+0.012497180
DONE: 2023-10-12 20:43:43.665
