START: 2023-10-08 15:09:15.005
SEEDS: 2023-10-08 16:34:38.416
RUN: 2023-10-08 16:34:38.418
REACHED: 2023-10-08 16:34:38.454572221 +0000 UTC m=+0.031302746
DONE: 2023-10-08 16:40:35.552
