START: 2023-10-10 19:50:25.163
SEEDS: 2023-10-10 19:50:25.172
RUN: 2023-10-10 19:50:25.174
REACHED: 2023-10-10 19:50:25.188853444 +0000 UTC m=+0.009559058
TIMEDOUT: 2023-10-10 20:00:25.180
