START: 2023-10-08 17:05:39.811
SEEDS: 2023-10-08 17:05:49.689
RUN: 2023-10-13 21:19:24.304
REACHED: 2023-10-13 21:19:24.689098194 +0000 UTC m=+0.379319685
DONE: 2023-10-13 21:19:32.558
