START: 2023-10-06 17:13:16.669
SEEDS: 2023-10-06 17:13:30.526
RUN: 2023-10-14 05:11:01.248
REACHED: 2023-10-14 05:11:01.310310767 +0000 UTC m=+0.056543689
DONE: 2023-10-14 05:12:28.138
