START: 2023-10-11 16:10:25.778
SEEDS: 2023-10-11 16:17:13.118
RUN: 2023-10-13 17:27:08.404
REACHED: 2023-10-13 17:27:08.745751566 +0000 UTC m=+0.335773640
DONE: 2023-10-13 17:30:17.084
