START: 2023-10-10 17:12:53.637
SEEDS: 2023-10-10 17:13:22.695
RUN: 2023-10-15 02:54:17.091
REACHED: 2023-10-15 02:54:17.118100303 +0000 UTC m=+0.021796968
TIMEDOUT: 2023-10-15 03:04:17.097
