START: 2023-09-18 09:49:53.199
SEEDS: 2023-09-18 09:50:08.727
RUN: 2023-10-12 15:30:35.924
REACHED: 2023-10-12 15:30:35.943574997 +0000 UTC m=+0.013628973
DONE: 2023-10-12 15:31:03.388
