START: 2023-10-09 12:26:28.318
SEEDS: 2023-10-09 12:38:00.702
RUN: 2023-10-09 12:38:00.704
REACHED: 2023-10-09 12:38:00.721892926 +0000 UTC m=+0.012482683
TIMEDOUT: 2023-10-09 12:48:00.710
