START: 2023-09-29 11:15:05.913
SEEDS: 2023-09-29 11:17:46.949
RUN: 2023-10-12 21:16:29.673
REACHED: 2023-10-12 21:16:29.691526146 +0000 UTC m=+0.012452102
DONE: 2023-10-12 21:16:42.567
