START: 2023-10-10 17:16:33.947
SEEDS: 2023-10-10 17:18:22.424
RUN: 2023-10-12 12:55:15.920
REACHED: 2023-10-12 12:55:15.938257461 +0000 UTC m=+0.012393309
DONE: 2023-10-12 12:55:15.986
