START: 2023-10-07 05:16:03.416
SEEDS: 2023-10-07 05:17:38.543
RUN: 2023-10-13 03:34:45.711
REACHED: 2023-10-13 03:34:45.903112397 +0000 UTC m=+0.187066233
DONE: 2023-10-13 03:37:21.846
