START: 2023-10-09 13:13:37.627
SEEDS: 2023-10-09 13:14:18.095
RUN: 2023-10-15 14:34:18.843
REACHED: 2023-10-15 14:34:18.872004727 +0000 UTC m=+0.023558274
TIMEDOUT: 2023-10-15 14:44:18.850
