START: 2023-10-10 17:40:14.157
SEEDS: 2023-10-10 17:40:14.165
RUN: 2023-10-10 17:40:14.167
REACHED: 2023-10-10 17:40:14.250211772 +0000 UTC m=+0.077933191
DONE: 2023-10-10 17:44:53.500
