START: 2023-09-25 14:37:11.207
SEEDS: 2023-09-25 14:37:26.160
RUN: 2023-10-12 16:04:50.581
REACHED: 2023-10-12 16:04:50.601437634 +0000 UTC m=+0.014934528
DONE: 2023-10-12 16:05:56.239
