START: 2023-09-27 09:43:51.744
SEEDS: 2023-09-27 09:44:02.675
RUN: 2023-10-12 16:41:05.740
REACHED: 2023-10-12 16:41:05.757842422 +0000 UTC m=+0.012593290
DONE: 2023-10-12 16:41:27.200
