START: 2023-10-05 15:22:19.869
SEEDS: 2023-10-05 15:25:06.618
RUN: 2023-10-18 10:44:41.292
REACHED: 2023-10-18 10:44:41.313319234 +0000 UTC m=+0.015717579
TIMEDOUT: 2023-10-18 10:54:41.299
