START: 2023-10-08 16:42:00.791
SEEDS: 2023-10-08 16:42:09.512
RUN: 2023-10-14 00:12:27.779
REACHED: 2023-10-14 00:12:28.065450511 +0000 UTC m=+0.280677751
TIMEDOUT: 2023-10-14 00:22:27.786
