START: 2023-10-10 17:02:45.244
SEEDS: 2023-10-10 17:02:45.252
RUN: 2023-10-10 17:02:45.254
REACHED: 2023-10-10 17:02:45.272031343 +0000 UTC m=+0.012351587
DONE: 2023-10-10 17:03:03.020
