START: 2023-10-11 15:01:25.818
SEEDS: 2023-10-11 15:02:45.600
RUN: 2023-10-12 15:10:50.883
REACHED: 2023-10-12 15:10:50.901863356 +0000 UTC m=+0.013252537
DONE: 2023-10-12 15:10:50.950
