START: 2023-10-11 21:11:10.358
SEEDS: 2023-10-11 21:12:58.380
RUN: 2023-10-16 08:30:08.799
REACHED: 2023-10-16 08:30:08.826847271 +0000 UTC m=+0.021901791
TIMEDOUT: 2023-10-16 08:40:08.806
