START: 2023-10-10 17:18:22.433
SEEDS: 2023-10-10 17:19:50.947
RUN: 2023-10-12 12:55:16.204
REACHED: 2023-10-12 12:55:16.221828133 +0000 UTC m=+0.012315818
DONE: 2023-10-12 12:55:58.396
