START: 2023-10-09 14:19:20.459
SEEDS: 2023-10-09 14:20:03.331
RUN: 2023-10-15 09:20:43.029
REACHED: 2023-10-15 09:20:43.053136476 +0000 UTC m=+0.018549907
TIMEDOUT: 2023-10-15 09:30:43.036
