START: 2023-10-07 02:36:53.127
SEEDS: 2023-10-07 02:41:16.032
RUN: 2023-10-13 02:25:44.587
REACHED: 2023-10-13 02:25:44.799844923 +0000 UTC m=+0.207031363
DONE: 2023-10-13 02:25:48.938
