START: 2023-10-08 20:01:52.339
SEEDS: 2023-10-08 20:02:32.190
RUN: 2023-10-13 12:18:31.126
REACHED: 2023-10-13 12:18:31.502346491 +0000 UTC m=+0.370918480
DONE: 2023-10-13 12:23:20.721
