START: 2023-10-05 14:47:52.443
RUN: 2023-10-05 14:47:52.444
REACHED: 2023-10-05 14:47:52.469725749 +0000 UTC m=+0.019984444
TIMEDOUT: 2023-10-05 14:57:52.451
