START: 2023-09-14 14:38:57.049
SEEDS: 2023-09-14 14:38:57.058
REACHED: 2023-09-14 14:38:57.076197117 +0000 UTC m=+0.012338409
DONE: 2023-09-14 14:39:25.214
