START: 2023-09-26 17:42:13.631
SEEDS: 2023-09-26 17:42:45.662
RUN: 2023-10-12 20:57:24.222
REACHED: 2023-10-12 20:57:24.24027809 +0000 UTC m=+0.012521479
DONE: 2023-10-12 20:57:58.517
