START: 2023-10-13 09:15:17.554
SEEDS: 2023-10-13 09:16:07.834
RUN: 2023-10-13 14:09:04.606
REACHED: 2023-10-13 14:09:04.625540627 +0000 UTC m=+0.013609219
DONE: 2023-10-13 14:09:04.669
