START: 2023-10-06 15:30:43.154
SEEDS: 2023-10-06 15:31:01.134
RUN: 2023-10-13 18:46:08.056
REACHED: 2023-10-13 18:46:08.54240924 +0000 UTC m=+0.481131353
DONE: 2023-10-13 18:49:14.856
