START: 2023-10-08 19:37:22.321
SEEDS: 2023-10-08 19:37:52.461
RUN: 2023-10-12 14:11:55.327
REACHED: 2023-10-12 14:11:55.34463512 +0000 UTC m=+0.012340773
DONE: 2023-10-12 14:12:39.094
