START: 2023-10-05 09:20:48.469
SEEDS: 2023-10-05 09:23:33.585
RUN: 2023-10-14 10:25:53.789
REACHED: 2023-10-14 10:25:54.038864349 +0000 UTC m=+0.244441332
DONE: 2023-10-14 10:25:59.974
