START: 2023-10-10 10:55:12.298
SEEDS: 2023-10-10 10:55:45.024
RUN: 2023-10-15 19:50:43.352
REACHED: 2023-10-15 19:50:43.371304843 +0000 UTC m=+0.014067551
TIMEDOUT: 2023-10-15 20:00:43.358
