START: 2023-10-11 14:44:17.086
SEEDS: 2023-10-11 14:46:28.170
RUN: 2023-10-12 15:07:25.688
REACHED: 2023-10-12 15:07:25.706619309 +0000 UTC m=+0.012551529
DONE: 2023-10-12 15:07:46.834
