START: 2023-09-27 18:42:40.470
SEEDS: 2023-09-27 20:06:17.260
REACHED: 2023-09-27 20:06:17.277947605 +0000 UTC m=+0.012669067
DONE: 2023-09-27 20:07:32.701
