START: 2023-10-08 16:53:50.473
SEEDS: 2023-10-08 16:53:58.127
RUN: 2023-10-17 03:59:08.107
REACHED: 2023-10-17 03:59:08.130304659 +0000 UTC m=+0.017285445
TIMEDOUT: 2023-10-17 04:09:08.114
