START: 2023-10-04 18:21:35.692
SEEDS: 2023-10-04 18:25:14.906
RUN: 2023-10-14 11:16:16.773
REACHED: 2023-10-14 11:16:17.680237112 +0000 UTC m=+0.901694418
TIMEDOUT: 2023-10-14 11:26:16.780
