START: 2023-10-10 14:15:51.686
RUN: 2023-10-10 14:15:51.688
REACHED: 2023-10-10 14:15:51.845580717 +0000 UTC m=+0.151926925
DONE: 2023-10-10 14:16:34.697
