START: 2023-10-06 17:32:22.847
SEEDS: 2023-10-06 17:32:31.441
RUN: 2023-10-14 01:19:34.629
REACHED: 2023-10-14 01:19:35.058576899 +0000 UTC m=+0.423879039
DONE: 2023-10-14 01:29:31.644
