START: 2023-10-09 14:20:03.339
SEEDS: 2023-10-09 14:20:46.242
RUN: 2023-10-15 10:00:43.102
REACHED: 2023-10-15 10:00:43.12802346 +0000 UTC m=+0.020254200
TIMEDOUT: 2023-10-15 10:10:43.109
