START: 2023-09-29 09:57:12.699
SEEDS: 2023-09-29 09:57:46.457
RUN: 2023-10-12 21:26:34.071
REACHED: 2023-10-12 21:26:34.08941356 +0000 UTC m=+0.012573546
DONE: 2023-10-12 21:26:50.213
