START: 2023-10-10 17:10:49.254
SEEDS: 2023-10-10 17:11:09.903
RUN: 2023-10-15 02:24:17.034
REACHED: 2023-10-15 02:24:17.051231692 +0000 UTC m=+0.011127104
TIMEDOUT: 2023-10-15 02:34:17.041
