START: 2023-10-10 16:25:16.155
SEEDS: 2023-10-10 16:25:52.819
RUN: 2023-10-12 13:15:49.075
REACHED: 2023-10-12 13:15:49.093595661 +0000 UTC m=+0.012626918
DONE: 2023-10-12 13:17:24.699
