START: 2023-10-11 18:38:00.671
SEEDS: 2023-10-11 18:38:30.493
RUN: 2023-10-16 14:55:59.602
REACHED: 2023-10-16 14:55:59.621090445 +0000 UTC m=+0.013632644
TIMEDOUT: 2023-10-16 15:05:59.609
