START: 2023-09-27 15:03:48.047
SEEDS: 2023-09-27 15:06:30.039
RUN: 2023-10-12 20:57:24.156
REACHED: 2023-10-12 20:57:24.17427547 +0000 UTC m=+0.012560553
DONE: 2023-10-12 20:57:24.217
