START: 2023-10-08 16:50:15.238
SEEDS: 2023-10-08 16:50:22.489
RUN: 2023-10-17 01:40:37.953
REACHED: 2023-10-17 01:40:37.976889826 +0000 UTC m=+0.017947727
TIMEDOUT: 2023-10-17 01:50:37.960
