START: 2023-10-06 17:12:18.697
SEEDS: 2023-10-06 17:12:26.872
RUN: 2023-10-14 04:59:55.072
REACHED: 2023-10-14 04:59:55.236665327 +0000 UTC m=+0.159080282
DONE: 2023-10-14 04:59:56.247
