START: 2023-09-28 20:17:12.037
SEEDS: 2023-09-28 21:42:33.985
REACHED: 2023-09-28 21:42:34.003548509 +0000 UTC m=+0.012593621
DONE: 2023-09-28 21:43:04.923
