START: 2023-10-06 17:34:17.527
SEEDS: 2023-10-06 17:34:24.612
RUN: 2023-10-17 05:29:08.273
REACHED: 2023-10-17 05:29:08.293266583 +0000 UTC m=+0.015102386
TIMEDOUT: 2023-10-17 05:39:08.279
