START: 2023-10-08 16:49:16.468
SEEDS: 2023-10-08 16:49:27.433
RUN: 2023-10-17 01:20:37.916
REACHED: 2023-10-17 01:20:37.932966529 +0000 UTC m=+0.010880720
TIMEDOUT: 2023-10-17 01:30:37.923
