START: 2023-10-13 09:13:05.299
SEEDS: 2023-10-13 09:15:17.543
RUN: 2023-10-13 14:08:37.500
REACHED: 2023-10-13 14:08:37.518039449 +0000 UTC m=+0.012763218
DONE: 2023-10-13 14:09:04.585
