START: 2023-10-11 20:56:39.003
SEEDS: 2023-10-11 20:58:27.097
RUN: 2023-10-16 07:44:52.005
REACHED: 2023-10-16 07:44:52.03026754 +0000 UTC m=+0.020040260
TIMEDOUT: 2023-10-16 07:54:52.011
