START: 2023-10-08 17:11:50.533
SEEDS: 2023-10-08 17:11:57.748
RUN: 2023-10-16 22:27:39.532
REACHED: 2023-10-16 22:27:39.555793748 +0000 UTC m=+0.018354059
TIMEDOUT: 2023-10-16 22:37:39.538
