START: 2023-09-30 15:27:37.620
SEEDS: 2023-09-30 15:27:37.629
REACHED: 2023-09-30 15:27:37.93822348 +0000 UTC m=+0.303744816
TIMEDOUT: 2023-09-30 15:37:37.635
