START: 2023-10-10 17:13:58.317
SEEDS: 2023-10-10 17:14:18.951
RUN: 2023-10-15 03:14:17.128
REACHED: 2023-10-15 03:14:17.149900874 +0000 UTC m=+0.016727916
TIMEDOUT: 2023-10-15 03:24:17.134
