START: 2023-10-06 23:41:16.061
SEEDS: 2023-10-06 23:45:54.779
RUN: 2023-10-16 18:37:39.111
REACHED: 2023-10-16 18:37:39.13249667 +0000 UTC m=+0.016137346
TIMEDOUT: 2023-10-16 18:47:39.117
