START: 2023-10-11 18:35:41.925
SEEDS: 2023-10-11 18:37:31.274
RUN: 2023-10-16 14:35:59.565
REACHED: 2023-10-16 14:35:59.586956607 +0000 UTC m=+0.016646037
TIMEDOUT: 2023-10-16 14:45:59.571
