START: 2023-10-13 09:31:34.228
SEEDS: 2023-10-13 09:33:47.875
RUN: 2023-10-13 14:11:34.419
REACHED: 2023-10-13 14:11:34.438771802 +0000 UTC m=+0.013623859
DONE: 2023-10-13 14:11:40.102
