START: 2023-09-29 12:08:43.018
SEEDS: 2023-09-29 12:11:12.252
RUN: 2023-10-12 21:16:04.437
REACHED: 2023-10-12 21:16:04.456645171 +0000 UTC m=+0.013521043
DONE: 2023-10-12 21:16:29.645
