START: 2023-10-08 16:58:20.083
SEEDS: 2023-10-08 16:58:28.596
RUN: 2023-10-12 15:43:52.720
REACHED: 2023-10-12 15:43:52.737793083 +0000 UTC m=+0.012551671
DONE: 2023-10-12 15:44:28.959
