START: 2023-09-29 12:03:16.462
SEEDS: 2023-09-29 12:05:58.533
RUN: 2023-10-12 21:26:20.854
REACHED: 2023-10-12 21:26:20.871742402 +0000 UTC m=+0.012372511
DONE: 2023-10-12 21:26:29.821
