START: 2023-10-09 14:07:02.233
SEEDS: 2023-10-09 14:07:55.336
RUN: 2023-10-13 04:20:56.483
REACHED: 2023-10-13 04:20:57.082301057 +0000 UTC m=+0.593579666
DONE: 2023-10-13 04:26:50.459
