START: 2023-10-09 14:44:26.107
SEEDS: 2023-10-09 14:59:00.452
RUN: 2023-10-09 14:59:00.454
REACHED: 2023-10-09 14:59:00.472852342 +0000 UTC m=+0.013334104
TIMEDOUT: 2023-10-09 15:09:00.461
