START: 2023-10-09 13:47:27.865
SEEDS: 2023-10-09 13:48:21.034
RUN: 2023-10-12 13:42:06.730
REACHED: 2023-10-12 13:42:06.749165708 +0000 UTC m=+0.013785583
DONE: 2023-10-12 13:42:10.536
