START: 2023-10-05 09:18:01.369
SEEDS: 2023-10-05 09:20:48.463
RUN: 2023-10-14 10:16:11.174
REACHED: 2023-10-14 10:16:11.344451478 +0000 UTC m=+0.164950099
DONE: 2023-10-14 10:16:12.397
