START: 2023-10-10 19:10:25.035
SEEDS: 2023-10-10 19:10:25.044
RUN: 2023-10-10 19:10:25.046
REACHED: 2023-10-10 19:10:25.060746943 +0000 UTC m=+0.009634663
TIMEDOUT: 2023-10-10 19:20:25.052
