START: 2023-10-06 17:29:59.554
SEEDS: 2023-10-06 17:30:08.491
RUN: 2023-10-14 02:32:29.500
REACHED: 2023-10-14 02:32:29.903294038 +0000 UTC m=+0.397302023
DONE: 2023-10-14 02:34:49.118
