START: 2023-10-11 16:08:16.961
SEEDS: 2023-10-11 16:10:25.766
RUN: 2023-10-13 17:27:05.969
REACHED: 2023-10-13 17:27:06.16218152 +0000 UTC m=+0.187160253
DONE: 2023-10-13 17:27:08.398
