START: 2023-09-30 15:57:36.809
SEEDS: 2023-09-30 15:57:36.817
REACHED: 2023-09-30 15:57:36.847439793 +0000 UTC m=+0.024546291
DONE: 2023-09-30 15:59:03.233
