START: 2023-10-10 13:56:55.769
RUN: 2023-10-10 13:56:55.771
REACHED: 2023-10-10 13:56:55.788830818 +0000 UTC m=+0.012258695
DONE: 2023-10-10 13:57:12.723
