START: 2023-10-06 17:30:08.640
SEEDS: 2023-10-06 17:33:48.675
RUN: 2023-10-13 20:08:37.291
REACHED: 2023-10-13 20:08:37.701063499 +0000 UTC m=+0.404374433
TIMEDOUT: 2023-10-13 20:18:37.298
