START: 2023-10-11 16:33:56.033
SEEDS: 2023-10-11 16:36:06.450
RUN: 2023-10-13 17:40:02.577
REACHED: 2023-10-13 17:40:02.828943816 +0000 UTC m=+0.246891782
DONE: 2023-10-13 17:40:16.350
