START: 2023-10-06 17:03:32.614
SEEDS: 2023-10-06 17:03:42.288
RUN: 2023-10-14 04:25:45.329
REACHED: 2023-10-14 04:25:45.390868174 +0000 UTC m=+0.056746978
DONE: 2023-10-14 04:25:50.409
