START: 2023-09-25 11:53:49.508
SEEDS: 2023-09-25 11:53:55.935
REACHED: 2023-09-25 11:53:55.953527042 +0000 UTC m=+0.012759542
DONE: 2023-09-25 11:54:35.108
