START: 2023-10-11 18:01:20.553
SEEDS: 2023-10-11 18:05:38.352
RUN: 2023-10-16 12:25:59.320
REACHED: 2023-10-16 12:25:59.341342623 +0000 UTC m=+0.015498284
TIMEDOUT: 2023-10-16 12:35:59.327
