START: 2023-10-04 20:15:56.686
SEEDS: 2023-10-04 20:16:26.839
RUN: 2023-10-18 07:07:14.930
REACHED: 2023-10-18 07:07:14.94511628 +0000 UTC m=+0.009715028
TIMEDOUT: 2023-10-18 07:17:14.937
