START: 2023-10-07 00:49:22.825
SEEDS: 2023-10-07 00:57:45.478
RUN: 2023-10-13 02:02:29.151
REACHED: 2023-10-13 02:02:29.435174976 +0000 UTC m=+0.278337994
DONE: 2023-10-13 02:05:25.476
