START: 2023-10-13 08:32:58.049
SEEDS: 2023-10-13 08:33:25.574
RUN: 2023-10-13 14:00:21.976
REACHED: 2023-10-13 14:00:21.998832267 +0000 UTC m=+0.016788276
DONE: 2023-10-13 14:01:36.983
