START: 2023-10-04 16:52:58.540
SEEDS: 2023-10-04 16:57:18.452
RUN: 2023-10-18 16:15:44.033
REACHED: 2023-10-18 16:15:44.052744497 +0000 UTC m=+0.014373995
TIMEDOUT: 2023-10-18 16:25:44.040
