START: 2023-10-09 14:15:13.491
SEEDS: 2023-10-09 14:16:06.328
RUN: 2023-10-13 04:51:57.525
REACHED: 2023-10-13 04:51:57.864579747 +0000 UTC m=+0.334028414
DONE: 2023-10-13 04:53:45.846
