START: 2023-10-10 10:26:38.068
SEEDS: 2023-10-10 10:27:18.398
RUN: 2023-10-12 14:03:31.495
REACHED: 2023-10-12 14:03:31.513412309 +0000 UTC m=+0.012562034
DONE: 2023-10-12 14:03:31.700
