START: 2023-10-10 10:36:36.690
SEEDS: 2023-10-10 10:37:16.744
RUN: 2023-10-13 08:57:51.498
REACHED: 2023-10-13 08:57:51.810246183 +0000 UTC m=+0.306989664
TIMEDOUT: 2023-10-13 09:07:51.504
