START: 2023-09-29 10:11:40.012
SEEDS: 2023-09-29 10:17:02.688
RUN: 2023-10-12 21:29:16.140
REACHED: 2023-10-12 21:29:16.157896763 +0000 UTC m=+0.012437359
DONE: 2023-10-12 21:29:23.056
