START: 2023-10-04 15:46:46.180
SEEDS: 2023-10-04 15:51:40.890
RUN: 2023-10-14 17:31:46.214
REACHED: 2023-10-14 17:31:46.233604329 +0000 UTC m=+0.013674549
TIMEDOUT: 2023-10-14 17:41:46.221
