START: 2023-09-25 14:46:57.802
SEEDS: 2023-09-25 14:47:12.271
RUN: 2023-10-12 16:23:12.507
REACHED: 2023-10-12 16:23:12.525010991 +0000 UTC m=+0.012435744
DONE: 2023-10-12 16:23:21.854
