START: 2023-10-08 18:43:53.696
SEEDS: 2023-10-08 18:44:23.026
RUN: 2023-10-12 14:22:41.442
REACHED: 2023-10-12 14:22:41.460522326 +0000 UTC m=+0.012586999
DONE: 2023-10-12 14:23:13.567
