START: 2023-10-13 10:12:13.953
SEEDS: 2023-10-13 10:14:25.153
RUN: 2023-10-14 07:24:50.833
REACHED: 2023-10-14 07:24:51.152539486 +0000 UTC m=+0.313722862
DONE: 2023-10-14 07:26:56.028
