START: 2023-09-29 12:19:05.166
SEEDS: 2023-09-29 12:21:46.782
RUN: 2023-10-12 21:23:36.216
REACHED: 2023-10-12 21:23:36.233853677 +0000 UTC m=+0.012459541
DONE: 2023-10-12 21:24:41.223
