START: 2023-10-08 20:14:43.672
SEEDS: 2023-10-08 20:15:17.197
RUN: 2023-10-16 01:24:51.295
REACHED: 2023-10-16 01:24:51.314773515 +0000 UTC m=+0.013971426
TIMEDOUT: 2023-10-16 01:34:51.302
