START: 2023-09-28 06:06:59.042
SEEDS: 2023-09-28 07:29:01.226
REACHED: 2023-09-28 07:29:01.244261829 +0000 UTC m=+0.012483285
DONE: 2023-09-28 07:30:06.048
