START: 2023-10-09 08:51:30.923
SEEDS: 2023-10-09 09:06:03.980
RUN: 2023-10-09 09:06:03.982
REACHED: 2023-10-09 09:06:04.008468581 +0000 UTC m=+0.021116785
TIMEDOUT: 2023-10-09 09:16:03.988
