START: 2023-10-04 19:25:01.555
SEEDS: 2023-10-04 19:25:43.322
RUN: 2023-10-14 13:00:39.027
REACHED: 2023-10-14 13:00:39.303640076 +0000 UTC m=+0.270477054
DONE: 2023-10-14 13:05:31.118
