START: 2023-10-07 08:08:35.477
SEEDS: 2023-10-07 08:08:49.784
RUN: 2023-10-15 05:19:27.214
REACHED: 2023-10-15 05:19:27.235734892 +0000 UTC m=+0.016469569
DONE: 2023-10-15 05:22:38.885
