START: 2023-09-18 09:51:32.167
SEEDS: 2023-09-18 09:51:49.567
RUN: 2023-10-12 15:32:08.890
REACHED: 2023-10-12 15:32:08.908437513 +0000 UTC m=+0.012721677
DONE: 2023-10-12 15:32:35.339
