START: 2023-10-06 15:25:28.212
SEEDS: 2023-10-06 15:25:46.241
RUN: 2023-10-13 18:39:59.778
REACHED: 2023-10-13 18:39:59.986784468 +0000 UTC m=+0.203545079
DONE: 2023-10-13 18:45:37.604
