START: 2023-10-06 17:19:29.919
SEEDS: 2023-10-06 17:19:44.394
RUN: 2023-10-17 15:19:06.842
REACHED: 2023-10-17 15:19:06.863455354 +0000 UTC m=+0.016023333
TIMEDOUT: 2023-10-17 15:29:06.849
