START: 2023-10-09 14:09:43.920
SEEDS: 2023-10-09 14:10:38.061
RUN: 2023-10-13 05:03:53.114
REACHED: 2023-10-13 05:03:53.393472862 +0000 UTC m=+0.274465620
DONE: 2023-10-13 05:04:27.163
