START: 2023-10-08 19:51:08.969
SEEDS: 2023-10-08 19:51:48.653
RUN: 2023-10-13 11:08:10.304
REACHED: 2023-10-13 11:08:10.666026394 +0000 UTC m=+0.356751730
TIMEDOUT: 2023-10-13 11:18:10.310
