START: 2023-10-11 20:16:15.024
SEEDS: 2023-10-11 20:18:13.126
RUN: 2023-10-13 16:29:40.131
REACHED: 2023-10-13 16:29:40.245793287 +0000 UTC m=+0.109448816
DONE: 2023-10-13 16:30:09.498
