START: 2023-09-29 13:43:20.842
SEEDS: 2023-09-29 13:44:05.460
RUN: 2023-10-12 22:14:33.876
REACHED: 2023-10-12 22:14:33.893864738 +0000 UTC m=+0.012578034
DONE: 2023-10-12 22:14:37.732
