START: 2023-10-13 10:14:25.164
SEEDS: 2023-10-13 10:14:45.342
RUN: 2023-10-14 07:26:56.035
REACHED: 2023-10-14 07:26:56.164712143 +0000 UTC m=+0.123998806
DONE: 2023-10-14 07:27:31.300
