START: 2023-10-08 19:03:29.953
SEEDS: 2023-10-08 19:03:48.187
RUN: 2023-10-13 15:12:43.976
REACHED: 2023-10-13 15:12:44.125511712 +0000 UTC m=+0.143996374
TIMEDOUT: 2023-10-13 15:22:43.983
