START: 2023-09-25 12:34:02.314
SEEDS: 2023-09-25 12:34:12.736
RUN: 2023-10-12 16:26:51.378
REACHED: 2023-10-12 16:26:51.396838172 +0000 UTC m=+0.013687913
DONE: 2023-10-12 16:27:08.909
