START: 2023-09-18 09:38:28.517
SEEDS: 2023-09-18 09:38:42.979
RUN: 2023-10-12 15:24:44.781
REACHED: 2023-10-12 15:24:44.799630769 +0000 UTC m=+0.012556539
DONE: 2023-10-12 15:25:03.597
