START: 2023-10-09 13:28:33.936
SEEDS: 2023-10-09 13:29:11.500
RUN: 2023-10-12 13:37:21.858
REACHED: 2023-10-12 13:37:21.876236751 +0000 UTC m=+0.012510113
DONE: 2023-10-12 13:38:40.466
