START: 2023-10-08 21:01:57.645
SEEDS: 2023-10-08 22:27:22.066
RUN: 2023-10-08 22:27:22.068
REACHED: 2023-10-08 22:27:22.418265409 +0000 UTC m=+0.344904083
TIMEDOUT: 2023-10-08 22:37:22.075
