START: 2023-09-14 14:37:10.319
SEEDS: 2023-09-14 14:37:10.328
REACHED: 2023-09-14 14:37:10.345832777 +0000 UTC m=+0.012510375
DONE: 2023-09-14 14:37:39.826
