START: 2023-10-04 19:21:07.967
SEEDS: 2023-10-04 19:21:49.800
RUN: 2023-10-14 12:39:40.301
REACHED: 2023-10-14 12:39:40.588042794 +0000 UTC m=+0.281790159
DONE: 2023-10-14 12:47:31.041
