START: 2023-10-05 16:01:15.207
SEEDS: 2023-10-05 16:04:01.874
RUN: 2023-10-18 11:04:41.330
REACHED: 2023-10-18 11:04:41.351648839 +0000 UTC m=+0.016220207
DONE: 2023-10-18 11:12:26.553
