START: 2023-10-05 13:34:16.119
SEEDS: 2023-10-05 13:37:01.305
RUN: 2023-10-14 13:43:24.258
REACHED: 2023-10-14 13:43:24.331320216 +0000 UTC m=+0.067955523
TIMEDOUT: 2023-10-14 13:53:24.264
