START: 2023-10-06 17:35:33.262
SEEDS: 2023-10-06 17:35:40.288
RUN: 2023-10-17 07:35:10.511
REACHED: 2023-10-17 07:35:10.530357333 +0000 UTC m=+0.013845825
TIMEDOUT: 2023-10-17 07:45:10.517
