START: 2023-10-11 18:37:31.286
SEEDS: 2023-10-11 18:38:00.659
RUN: 2023-10-16 14:45:59.583
REACHED: 2023-10-16 14:45:59.606875725 +0000 UTC m=+0.017940357
TIMEDOUT: 2023-10-16 14:55:59.590
