START: 2023-10-08 19:00:24.400
SEEDS: 2023-10-08 19:00:52.049
RUN: 2023-10-13 14:23:33.845
REACHED: 2023-10-13 14:23:33.942480092 +0000 UTC m=+0.091460925
TIMEDOUT: 2023-10-13 14:33:33.852
