START: 2023-10-05 14:18:33.577
SEEDS: 2023-10-05 14:21:18.945
RUN: 2023-10-14 14:44:05.692
REACHED: 2023-10-14 14:44:06.104057682 +0000 UTC m=+0.406482078
TIMEDOUT: 2023-10-14 14:54:05.699
