START: 2023-10-10 17:09:38.015
SEEDS: 2023-10-10 17:09:38.024
RUN: 2023-10-10 17:09:38.025
REACHED: 2023-10-10 17:09:38.043168824 +0000 UTC m=+0.012442931
DONE: 2023-10-10 17:10:13.621
