START: 2023-10-05 12:53:00.725
SEEDS: 2023-10-05 12:56:31.042
RUN: 2023-10-18 13:25:40.636
REACHED: 2023-10-18 13:25:40.659731866 +0000 UTC m=+0.018081718
TIMEDOUT: 2023-10-18 13:35:40.643
