START: 2023-10-04 16:41:30.189
SEEDS: 2023-10-04 16:42:41.398
RUN: 2023-10-14 18:10:49.340
REACHED: 2023-10-14 18:10:49.443966395 +0000 UTC m=+0.098666469
DONE: 2023-10-14 18:11:10.035
