START: 2023-10-10 19:00:30.273
SEEDS: 2023-10-10 19:01:50.185
RUN: 2023-10-14 22:29:38.370
REACHED: 2023-10-14 22:29:38.392338154 +0000 UTC m=+0.016729834
TIMEDOUT: 2023-10-14 22:39:38.377
