START: 2023-10-11 16:07:16.454
SEEDS: 2023-10-11 16:08:16.950
RUN: 2023-10-13 17:26:33.296
REACHED: 2023-10-13 17:26:33.544086004 +0000 UTC m=+0.242319593
DONE: 2023-10-13 17:27:05.963
