START: 2023-09-27 14:15:47.424
SEEDS: 2023-09-27 14:18:30.605
RUN: 2023-10-12 20:48:04.563
REACHED: 2023-10-12 20:48:04.5818031 +0000 UTC m=+0.012675570
DONE: 2023-10-12 20:48:10.575
