START: 2023-10-04 18:32:14.056
SEEDS: 2023-10-04 18:34:13.270
RUN: 2023-10-14 11:37:27.417
REACHED: 2023-10-14 11:37:27.547592284 +0000 UTC m=+0.125371917
DONE: 2023-10-14 11:37:37.243
