START: 2023-10-04 17:52:11.831
SEEDS: 2023-10-04 17:54:58.091
RUN: 2023-10-18 19:38:12.672
REACHED: 2023-10-18 19:38:12.693321965 +0000 UTC m=+0.015682802
TIMEDOUT: 2023-10-18 19:48:12.679
