START: 2023-10-09 12:28:19.804
SEEDS: 2023-10-09 12:29:52.365
RUN: 2023-10-12 13:49:39.602
REACHED: 2023-10-12 13:49:39.620884393 +0000 UTC m=+0.013126132
DONE: 2023-10-12 13:49:52.755
