START: 2023-10-09 13:46:49.282
SEEDS: 2023-10-09 13:47:27.856
RUN: 2023-10-12 13:40:01.367
REACHED: 2023-10-12 13:40:01.385141548 +0000 UTC m=+0.012518509
DONE: 2023-10-12 13:40:15.803
