START: 2023-10-05 12:48:40.797
SEEDS: 2023-10-05 12:52:11.535
RUN: 2023-10-18 13:05:40.599
REACHED: 2023-10-18 13:05:40.618308637 +0000 UTC m=+0.013607962
TIMEDOUT: 2023-10-18 13:15:40.606
