START: 2023-10-05 12:20:33.497
SEEDS: 2023-10-05 12:21:17.772
RUN: 2023-10-14 16:14:01.554
REACHED: 2023-10-14 16:14:01.936612087 +0000 UTC m=+0.376654082
TIMEDOUT: 2023-10-14 16:24:01.561
