START: 2023-10-08 18:45:31.529
SEEDS: 2023-10-08 18:45:46.746
RUN: 2023-10-12 14:23:58.467
REACHED: 2023-10-12 14:23:58.484817469 +0000 UTC m=+0.012261616
DONE: 2023-10-12 14:24:14.477
