START: 2023-10-07 07:24:19.584
SEEDS: 2023-10-07 07:27:50.042
RUN: 2023-10-15 04:44:17.293
REACHED: 2023-10-15 04:44:17.313728653 +0000 UTC m=+0.014724405
DONE: 2023-10-15 04:49:27.146
