START: 2023-10-06 16:31:27.691
SEEDS: 2023-10-06 16:31:41.433
RUN: 2023-10-13 19:32:15.909
REACHED: 2023-10-13 19:32:16.293955829 +0000 UTC m=+0.379430535
TIMEDOUT: 2023-10-13 19:42:15.916
