START: 2023-10-13 12:42:53.959
SEEDS: 2023-10-13 12:45:35.044
RUN: 2023-10-17 21:15:58.196
REACHED: 2023-10-17 21:15:58.22361293 +0000 UTC m=+0.022371331
TIMEDOUT: 2023-10-17 21:25:58.202
