START: 2023-09-27 09:51:55.435
SEEDS: 2023-09-27 09:52:13.478
RUN: 2023-10-12 16:48:09.340
REACHED: 2023-10-12 16:48:09.358362594 +0000 UTC m=+0.012538097
DONE: 2023-10-12 16:48:17.278
