START: 2023-10-05 16:04:01.880
SEEDS: 2023-10-05 16:06:48.829
RUN: 2023-10-18 11:42:26.620
REACHED: 2023-10-18 11:42:26.636412056 +0000 UTC m=+0.010377909
TIMEDOUT: 2023-10-18 11:52:26.627
