START: 2023-10-10 19:40:25.131
SEEDS: 2023-10-10 19:40:25.140
RUN: 2023-10-10 19:40:25.142
REACHED: 2023-10-10 19:40:25.156428866 +0000 UTC m=+0.009373248
TIMEDOUT: 2023-10-10 19:50:25.148
