START: 2023-09-27 09:46:14.435
SEEDS: 2023-09-27 09:46:22.917
RUN: 2023-10-12 16:42:06.487
REACHED: 2023-10-12 16:42:06.505642581 +0000 UTC m=+0.012634391
DONE: 2023-10-12 16:42:18.267
