START: 2023-10-11 16:36:59.902
SEEDS: 2023-10-11 16:39:08.445
RUN: 2023-10-13 17:40:17.717
REACHED: 2023-10-13 17:40:17.892221916 +0000 UTC m=+0.169693964
DONE: 2023-10-13 17:40:28.329
