START: 2023-10-05 09:12:31.048
SEEDS: 2023-10-05 09:15:15.385
RUN: 2023-10-14 09:46:01.926
REACHED: 2023-10-14 09:46:02.028006586 +0000 UTC m=+0.096391706
DONE: 2023-10-14 09:46:03.428
