START: 2023-09-14 09:56:41.600
REACHED: 2023-09-14 09:56:41.616830941 +0000 UTC m=+0.012536191
DONE: 2023-09-14 09:57:35.532
