START: 2023-10-05 13:47:52.303
RUN: 2023-10-05 13:47:52.305
REACHED: 2023-10-05 13:47:52.32534104 +0000 UTC m=+0.014601365
TIMEDOUT: 2023-10-05 13:57:52.312
