START: 2023-10-10 16:29:35.171
SEEDS: 2023-10-10 16:30:11.169
RUN: 2023-10-12 13:19:17.295
REACHED: 2023-10-12 13:19:17.313140067 +0000 UTC m=+0.012500543
DONE: 2023-10-12 13:20:55.014
