START: 2023-10-13 10:16:55.876
SEEDS: 2023-10-13 10:23:53.547
RUN: 2023-10-14 07:37:31.322
REACHED: 2023-10-14 07:37:31.379913485 +0000 UTC m=+0.052559084
DONE: 2023-10-14 07:37:36.989
