START: 2023-10-08 20:09:51.210
SEEDS: 2023-10-08 20:10:23.254
RUN: 2023-10-15 23:54:51.129
REACHED: 2023-10-15 23:54:51.149898592 +0000 UTC m=+0.015048975
TIMEDOUT: 2023-10-16 00:04:51.136
