START: 2023-09-27 09:35:56.486
SEEDS: 2023-09-27 09:36:11.294
RUN: 2023-10-12 16:37:15.313
REACHED: 2023-10-12 16:37:15.331294923 +0000 UTC m=+0.012500865
DONE: 2023-10-12 16:37:56.417
