START: 2023-10-13 12:59:36.170
SEEDS: 2023-10-13 13:03:57.071
RUN: 2023-10-17 21:59:56.844
REACHED: 2023-10-17 21:59:56.865245722 +0000 UTC m=+0.015615579
TIMEDOUT: 2023-10-17 22:09:56.851
