START: 2023-09-29 11:03:41.554
SEEDS: 2023-09-29 11:04:40.176
RUN: 2023-10-12 22:01:33.563
REACHED: 2023-10-12 22:01:33.581384508 +0000 UTC m=+0.012484893
DONE: 2023-10-12 22:01:50.238
