START: 2023-10-04 17:19:05.980
SEEDS: 2023-10-04 17:21:48.745
RUN: 2023-10-18 17:25:44.163
REACHED: 2023-10-18 17:25:44.193607551 +0000 UTC m=+0.025460615
TIMEDOUT: 2023-10-18 17:35:44.169
