START: 2023-09-20 10:05:11.771
SEEDS: 2023-09-20 10:05:19.922
RUN: 2023-10-12 16:28:51.878
REACHED: 2023-10-12 16:28:51.895960823 +0000 UTC m=+0.012459268
DONE: 2023-10-12 16:31:12.993
