START: 2023-10-05 14:35:10.437
SEEDS: 2023-10-05 14:37:55.171
RUN: 2023-10-14 14:33:12.264
REACHED: 2023-10-14 14:33:12.64988071 +0000 UTC m=+0.380172648
DONE: 2023-10-14 14:33:14.420
