START: 2023-10-04 17:31:41.818
SEEDS: 2023-10-04 17:32:11.422
RUN: 2023-10-18 18:15:37.440
REACHED: 2023-10-18 18:15:37.463415157 +0000 UTC m=+0.017268380
TIMEDOUT: 2023-10-18 18:25:37.447
