START: 2023-10-06 20:06:28.479
SEEDS: 2023-10-06 20:09:05.829
RUN: 2023-10-16 16:15:59.749
REACHED: 2023-10-16 16:15:59.766567764 +0000 UTC m=+0.012085873
TIMEDOUT: 2023-10-16 16:25:59.755
