START: 2023-10-08 19:53:47.997
SEEDS: 2023-10-08 19:54:28.096
RUN: 2023-10-13 12:36:08.102
REACHED: 2023-10-13 12:36:08.168749737 +0000 UTC m=+0.061053191
TIMEDOUT: 2023-10-13 12:46:08.109
