START: 2023-10-08 18:40:58.211
SEEDS: 2023-10-08 18:42:02.716
RUN: 2023-10-12 14:18:41.310
REACHED: 2023-10-12 14:18:41.327836824 +0000 UTC m=+0.012560155
DONE: 2023-10-12 14:19:25.695
