START: 2023-09-29 10:21:30.730
SEEDS: 2023-09-29 10:22:00.367
RUN: 2023-10-12 21:30:27.516
REACHED: 2023-10-12 21:30:27.53412767 +0000 UTC m=+0.012533716
DONE: 2023-10-12 21:31:53.404
