START: 2023-10-06 17:32:31.449
SEEDS: 2023-10-06 17:32:40.518
RUN: 2023-10-14 01:39:52.925
REACHED: 2023-10-14 01:39:53.097955961 +0000 UTC m=+0.167811593
DONE: 2023-10-14 01:40:00.174
