START: 2023-10-05 12:25:20.749
SEEDS: 2023-10-05 12:27:24.737
RUN: 2023-10-14 16:50:53.403
REACHED: 2023-10-14 16:50:53.465413951 +0000 UTC m=+0.057223628
DONE: 2023-10-14 16:51:41.810
