START: 2023-10-06 17:32:57.459
SEEDS: 2023-10-06 17:33:06.045
RUN: 2023-10-14 02:32:28.914
REACHED: 2023-10-14 02:32:29.107199219 +0000 UTC m=+0.187284828
DONE: 2023-10-14 02:32:29.185
