START: 2023-10-06 17:34:46.736
SEEDS: 2023-10-06 17:34:54.272
RUN: 2023-10-17 08:05:10.566
REACHED: 2023-10-17 08:05:10.588030309 +0000 UTC m=+0.016657898
TIMEDOUT: 2023-10-17 08:15:10.572
