START: 2023-09-26 18:12:51.348
SEEDS: 2023-09-26 18:13:40.747
RUN: 2023-10-12 21:03:52.723
REACHED: 2023-10-12 21:03:52.740876207 +0000 UTC m=+0.012542648
DONE: 2023-10-12 21:04:15.478
