START: 2023-10-11 21:25:35.714
SEEDS: 2023-10-11 21:27:23.554
RUN: 2023-10-16 09:20:08.892
REACHED: 2023-10-16 09:20:08.907867657 +0000 UTC m=+0.010265969
TIMEDOUT: 2023-10-16 09:30:08.899
