START: 2023-10-09 12:55:58.438
SEEDS: 2023-10-09 12:56:29.261
RUN: 2023-10-13 07:22:44.888
REACHED: 2023-10-13 07:22:44.987873675 +0000 UTC m=+0.094405084
TIMEDOUT: 2023-10-13 07:32:44.895
