START: 2023-09-14 14:36:04.357
SEEDS: 2023-09-14 14:36:04.366
REACHED: 2023-09-14 14:36:04.390089814 +0000 UTC m=+0.018676822
DONE: 2023-09-14 14:36:24.440
