START: 2023-10-09 14:36:03.678
SEEDS: 2023-10-09 14:36:47.180
RUN: 2023-10-15 11:10:43.231
REACHED: 2023-10-15 11:10:43.257112786 +0000 UTC m=+0.019985919
TIMEDOUT: 2023-10-15 11:20:43.238
