START: 2023-09-27 13:56:57.617
SEEDS: 2023-09-27 13:59:38.825
RUN: 2023-10-12 20:47:47.800
REACHED: 2023-10-12 20:47:47.818301637 +0000 UTC m=+0.012484719
DONE: 2023-10-12 20:48:04.542
