START: 2023-10-10 10:54:39.653
SEEDS: 2023-10-10 10:55:12.289
RUN: 2023-10-15 19:10:43.279
REACHED: 2023-10-15 19:10:43.301245721 +0000 UTC m=+0.016477245
TIMEDOUT: 2023-10-15 19:20:43.286
