START: 2023-09-25 12:03:03.759
SEEDS: 2023-09-25 12:03:10.283
REACHED: 2023-09-25 12:03:10.300832609 +0000 UTC m=+0.012427634
DONE: 2023-09-25 12:03:29.500
