START: 2023-10-10 18:16:07.044
SEEDS: 2023-10-10 18:17:35.342
RUN: 2023-10-12 23:35:14.763
REACHED: 2023-10-12 23:35:14.853027781 +0000 UTC m=+0.084333339
DONE: 2023-10-12 23:38:10.915
