START: 2023-10-10 10:27:58.271
SEEDS: 2023-10-10 10:28:38.480
RUN: 2023-10-12 14:07:53.809
REACHED: 2023-10-12 14:07:53.827323705 +0000 UTC m=+0.012692154
DONE: 2023-10-12 14:08:01.346
