START: 2023-10-09 13:55:15.211
SEEDS: 2023-10-09 14:09:51.112
RUN: 2023-10-09 14:09:51.114
REACHED: 2023-10-09 14:09:51.138847202 +0000 UTC m=+0.019375008
TIMEDOUT: 2023-10-09 14:19:51.120
