START: 2023-10-10 16:24:22.227
SEEDS: 2023-10-10 16:24:48.367
RUN: 2023-10-12 13:15:45.933
REACHED: 2023-10-12 13:15:45.951441721 +0000 UTC m=+0.012298994
DONE: 2023-10-12 13:15:46.061
