START: 2023-10-08 22:37:22.088
SEEDS: 2023-10-09 00:02:53.949
RUN: 2023-10-09 00:02:53.950
REACHED: 2023-10-09 00:02:54.004474509 +0000 UTC m=+0.048881019
TIMEDOUT: 2023-10-09 00:12:53.957
