START: 2023-10-13 12:25:19.249
SEEDS: 2023-10-13 12:29:38.195
RUN: 2023-10-17 20:05:58.067
REACHED: 2023-10-17 20:05:58.092494312 +0000 UTC m=+0.019682454
TIMEDOUT: 2023-10-17 20:15:58.074
