START: 2023-10-07 10:39:19.535
SEEDS: 2023-10-07 10:43:09.120
RUN: 2023-10-15 07:32:39.135
REACHED: 2023-10-15 07:32:39.156796408 +0000 UTC m=+0.015675703
TIMEDOUT: 2023-10-15 07:42:39.142
