START: 2023-09-27 09:40:11.373
SEEDS: 2023-09-27 09:40:23.815
RUN: 2023-10-12 16:39:09.420
REACHED: 2023-10-12 16:39:09.438626966 +0000 UTC m=+0.012812276
DONE: 2023-10-12 16:39:18.261
