START: 2023-10-07 06:19:38.576
SEEDS: 2023-10-07 06:39:46.474
RUN: 2023-10-15 04:04:17.221
REACHED: 2023-10-15 04:04:17.244780423 +0000 UTC m=+0.018206313
TIMEDOUT: 2023-10-15 04:14:17.228
