START: 2023-10-10 14:40:56.914
RUN: 2023-10-10 14:40:56.916
REACHED: 2023-10-10 14:40:57.107594969 +0000 UTC m=+0.186533040
TIMEDOUT: 2023-10-10 14:50:56.922
