START: 2023-10-10 16:41:38.791
SEEDS: 2023-10-10 16:42:00.033
RUN: 2023-10-13 01:04:50.297
REACHED: 2023-10-13 01:04:50.334377662 +0000 UTC m=+0.032108972
DONE: 2023-10-13 01:07:03.077
