START: 2023-10-05 11:09:09.941
SEEDS: 2023-10-05 11:11:56.563
RUN: 2023-10-18 00:13:49.942
REACHED: 2023-10-18 00:13:49.958198435 +0000 UTC m=+0.010191438
TIMEDOUT: 2023-10-18 00:23:49.949
