START: 2023-10-06 16:46:12.266
SEEDS: 2023-10-06 16:49:33.282
RUN: 2023-10-13 19:52:15.938
REACHED: 2023-10-13 19:52:16.145464823 +0000 UTC m=+0.202086290
TIMEDOUT: 2023-10-13 20:02:15.944
