START: 2023-10-06 17:36:23.097
SEEDS: 2023-10-06 17:36:30.870
RUN: 2023-10-17 07:06:46.059
REACHED: 2023-10-17 07:06:46.07794098 +0000 UTC m=+0.012813674
DONE: 2023-10-17 07:15:10.463
