START: 2023-10-10 10:39:55.299
SEEDS: 2023-10-10 10:40:37.049
RUN: 2023-10-13 08:32:51.673
REACHED: 2023-10-13 08:32:51.825858605 +0000 UTC m=+0.147177873
DONE: 2023-10-13 08:33:18.425
