START: 2023-10-10 18:56:30.393
SEEDS: 2023-10-10 18:57:50.132
RUN: 2023-10-14 20:32:48.941
REACHED: 2023-10-14 20:32:48.957032443 +0000 UTC m=+0.009961036
DONE: 2023-10-14 20:39:38.155
