START: 2023-10-04 19:14:22.711
SEEDS: 2023-10-04 19:15:04.494
RUN: 2023-10-14 12:33:54.714
REACHED: 2023-10-14 12:33:54.808886339 +0000 UTC m=+0.089340966
DONE: 2023-10-14 12:34:38.655
