START: 2023-10-08 20:05:31.542
SEEDS: 2023-10-08 20:06:03.231
RUN: 2023-10-15 23:04:51.038
REACHED: 2023-10-15 23:04:51.060983556 +0000 UTC m=+0.017632820
TIMEDOUT: 2023-10-15 23:14:51.044
