START: 2023-10-04 17:54:58.099
SEEDS: 2023-10-04 17:57:13.368
RUN: 2023-10-18 19:48:12.690
REACHED: 2023-10-18 19:48:12.712726986 +0000 UTC m=+0.016711936
TIMEDOUT: 2023-10-18 19:58:12.697
