START: 2023-09-26 18:06:49.228
SEEDS: 2023-09-26 18:07:21.312
RUN: 2023-10-12 21:02:57.114
REACHED: 2023-10-12 21:02:57.13161868 +0000 UTC m=+0.012458022
DONE: 2023-10-12 21:03:08.047
