START: 2023-09-27 20:07:32.733
SEEDS: 2023-09-27 21:26:24.835
REACHED: 2023-09-27 21:26:24.853014914 +0000 UTC m=+0.012537079
DONE: 2023-09-27 21:26:49.305
