START: 2023-10-13 10:23:53.557
SEEDS: 2023-10-13 10:26:04.864
RUN: 2023-10-14 07:37:36.996
REACHED: 2023-10-14 07:37:37.201128934 +0000 UTC m=+0.199542231
DONE: 2023-10-14 07:38:07.174
