START: 2023-10-06 17:23:02.177
SEEDS: 2023-10-06 17:23:24.199
RUN: 2023-10-17 17:45:57.808
REACHED: 2023-10-17 17:45:57.829309386 +0000 UTC m=+0.015425040
TIMEDOUT: 2023-10-17 17:55:57.815
