START: 2023-10-05 14:27:52.396
RUN: 2023-10-05 14:27:52.398
REACHED: 2023-10-05 14:27:52.419490629 +0000 UTC m=+0.016271191
TIMEDOUT: 2023-10-05 14:37:52.404
