START: 2023-09-25 14:37:54.860
SEEDS: 2023-09-25 14:38:53.087
RUN: 2023-10-12 16:07:25.249
REACHED: 2023-10-12 16:07:25.267175849 +0000 UTC m=+0.012388656
DONE: 2023-10-12 16:08:06.710
