START: 2023-10-06 21:12:37.178
SEEDS: 2023-10-06 21:18:14.650
RUN: 2023-10-16 17:04:38.121
REACHED: 2023-10-16 17:04:38.136595938 +0000 UTC m=+0.010314238
DONE: 2023-10-16 17:05:39.353
