START: 2023-10-08 17:01:16.827
SEEDS: 2023-10-08 17:01:25.580
RUN: 2023-10-12 15:58:51.618
REACHED: 2023-10-12 15:58:51.635987118 +0000 UTC m=+0.012506671
DONE: 2023-10-12 15:59:43.651
