START: 2023-09-14 15:39:57.810
SEEDS: 2023-09-14 15:41:34.843
RUN: 2023-10-12 13:25:12.346
REACHED: 2023-10-12 13:25:12.364571914 +0000 UTC m=+0.012469232
DONE: 2023-10-12 13:25:12.409
