START: 2023-10-13 10:55:45.306
SEEDS: 2023-10-13 11:02:42.833
RUN: 2023-10-14 08:21:58.405
REACHED: 2023-10-14 08:21:58.469913852 +0000 UTC m=+0.058818448
DONE: 2023-10-14 08:21:58.726
