START: 2023-10-09 13:32:45.953
SEEDS: 2023-10-09 13:33:34.167
RUN: 2023-10-12 13:47:53.226
REACHED: 2023-10-12 13:47:53.248617794 +0000 UTC m=+0.017436985
DONE: 2023-10-12 13:47:54.499
