START: 2023-10-08 19:34:20.652
SEEDS: 2023-10-08 19:34:50.711
RUN: 2023-10-12 14:13:40.612
REACHED: 2023-10-12 14:13:40.630253676 +0000 UTC m=+0.012566492
DONE: 2023-10-12 14:14:12.065
