START: 2023-10-05 15:02:50.512
SEEDS: 2023-10-05 15:05:37.602
RUN: 2023-10-18 10:34:41.273
REACHED: 2023-10-18 10:34:41.296893828 +0000 UTC m=+0.017667388
TIMEDOUT: 2023-10-18 10:44:41.280
