START: 2023-10-08 20:00:32.833
SEEDS: 2023-10-08 20:01:12.253
RUN: 2023-10-13 11:28:10.332
REACHED: 2023-10-13 11:28:10.972211519 +0000 UTC m=+0.634134396
DONE: 2023-10-13 11:30:27.196
