START: 2023-10-10 16:34:05.507
SEEDS: 2023-10-10 16:34:43.736
RUN: 2023-10-12 13:22:59.230
REACHED: 2023-10-12 13:22:59.248887398 +0000 UTC m=+0.013678487
DONE: 2023-10-12 13:23:09.973
