START: 2023-10-08 20:12:03.004
SEEDS: 2023-10-08 20:12:35.303
RUN: 2023-10-15 22:04:50.927
REACHED: 2023-10-15 22:04:50.947745001 +0000 UTC m=+0.014795914
TIMEDOUT: 2023-10-15 22:14:50.934
