START: 2023-10-09 12:49:42.763
SEEDS: 2023-10-09 12:49:58.665
RUN: 2023-10-13 06:32:08.754
REACHED: 2023-10-13 06:32:08.81609295 +0000 UTC m=+0.056259236
TIMEDOUT: 2023-10-13 06:42:08.761
