START: 2023-10-10 10:47:21.750
SEEDS: 2023-10-10 10:47:58.020
RUN: 2023-10-13 10:06:30.490
REACHED: 2023-10-13 10:06:30.731130956 +0000 UTC m=+0.235208772
TIMEDOUT: 2023-10-13 10:16:30.497
