START: 2023-09-29 10:53:26.752
SEEDS: 2023-09-29 10:58:06.641
RUN: 2023-10-12 22:01:21.429
REACHED: 2023-10-12 22:01:21.447408622 +0000 UTC m=+0.012514907
DONE: 2023-10-12 22:01:33.478
