START: 2023-10-06 16:46:42.108
SEEDS: 2023-10-06 16:46:50.637
RUN: 2023-10-14 03:48:56.347
REACHED: 2023-10-14 03:48:56.530491769 +0000 UTC m=+0.177481619
TIMEDOUT: 2023-10-14 03:58:56.354
