START: 2023-09-25 11:49:42.700
SEEDS: 2023-09-25 11:49:49.105
REACHED: 2023-09-25 11:49:49.123559897 +0000 UTC m=+0.012637686
DONE: 2023-09-25 11:49:57.865
