START: 2023-10-08 17:10:34.461
SEEDS: 2023-10-08 17:10:42.368
RUN: 2023-10-16 20:57:39.367
REACHED: 2023-10-16 20:57:39.382858765 +0000 UTC m=+0.010436884
TIMEDOUT: 2023-10-16 21:07:39.373
