START: 2023-10-09 14:06:08.782
SEEDS: 2023-10-09 14:07:02.224
RUN: 2023-10-13 04:09:32.200
REACHED: 2023-10-13 04:09:32.281630211 +0000 UTC m=+0.075964423
DONE: 2023-10-13 04:10:43.893
