START: 2023-09-29 11:36:29.078
SEEDS: 2023-09-29 11:39:12.916
RUN: 2023-10-12 21:17:45.122
REACHED: 2023-10-12 21:17:45.140438366 +0000 UTC m=+0.012538350
DONE: 2023-10-12 21:17:48.319
