START: 2023-10-06 17:03:04.068
SEEDS: 2023-10-06 17:03:13.941
RUN: 2023-10-14 04:23:25.046
REACHED: 2023-10-14 04:23:25.075022038 +0000 UTC m=+0.023692952
DONE: 2023-10-14 04:23:37.964
