START: 2023-09-29 10:26:28.634
SEEDS: 2023-09-29 10:27:02.310
RUN: 2023-10-12 21:32:56.549
REACHED: 2023-10-12 21:32:56.566875752 +0000 UTC m=+0.012508247
DONE: 2023-10-12 21:33:55.334
