START: 2023-10-13 08:44:46.481
SEEDS: 2023-10-13 08:51:43.684
RUN: 2023-10-13 14:02:14.867
REACHED: 2023-10-13 14:02:14.885490756 +0000 UTC m=+0.012406674
DONE: 2023-10-13 14:03:33.189
