START: 2023-10-11 20:05:09.742
SEEDS: 2023-10-11 20:07:07.592
RUN: 2023-10-13 16:31:49.484
REACHED: 2023-10-13 16:31:49.769271094 +0000 UTC m=+0.279926585
TIMEDOUT: 2023-10-13 16:41:49.490
