START: 2023-10-08 16:44:37.656
SEEDS: 2023-10-08 16:44:46.196
RUN: 2023-10-14 00:36:04.155
REACHED: 2023-10-14 00:36:04.23202512 +0000 UTC m=+0.071341335
DONE: 2023-10-14 00:36:51.768
