START: 2023-10-10 18:41:30.480
SEEDS: 2023-10-10 18:42:59.142
RUN: 2023-10-13 00:31:27.354
REACHED: 2023-10-13 00:31:27.796546226 +0000 UTC m=+0.437127194
TIMEDOUT: 2023-10-13 00:41:27.360
