START: 2023-10-11 15:20:29.645
SEEDS: 2023-10-11 15:21:46.770
RUN: 2023-10-12 15:16:46.542
REACHED: 2023-10-12 15:16:46.559766731 +0000 UTC m=+0.012362591
DONE: 2023-10-12 15:17:17.624
