START: 2023-10-06 17:34:24.620
SEEDS: 2023-10-06 17:34:31.928
RUN: 2023-10-17 06:09:08.345
REACHED: 2023-10-17 06:09:08.36994778 +0000 UTC m=+0.018791433
DONE: 2023-10-17 06:16:45.957
