START: 2023-09-29 11:23:10.742
SEEDS: 2023-09-29 11:25:54.509
RUN: 2023-10-12 21:21:16.224
REACHED: 2023-10-12 21:21:16.24175007 +0000 UTC m=+0.012409683
DONE: 2023-10-12 21:21:17.740
