START: 2023-10-10 10:17:32.360
SEEDS: 2023-10-10 10:18:11.919
RUN: 2023-10-12 14:02:33.835
REACHED: 2023-10-12 14:02:33.85437983 +0000 UTC m=+0.013821994
DONE: 2023-10-12 14:03:21.678
