START: 2023-09-25 14:39:38.720
SEEDS: 2023-09-25 14:40:36.065
RUN: 2023-10-12 16:08:26.823
REACHED: 2023-10-12 16:08:26.841113635 +0000 UTC m=+0.012613065
DONE: 2023-10-12 16:09:00.758
