START: 2023-10-05 16:12:18.143
SEEDS: 2023-10-05 16:12:18.152
RUN: 2023-10-05 16:12:18.153
REACHED: 2023-10-05 16:12:18.168482183 +0000 UTC m=+0.009585997
TIMEDOUT: 2023-10-05 16:22:18.160
