START: 2023-10-06 17:33:06.053
SEEDS: 2023-10-06 17:33:14.584
RUN: 2023-10-14 02:35:59.073
REACHED: 2023-10-14 02:35:59.261207523 +0000 UTC m=+0.183020439
TIMEDOUT: 2023-10-14 02:45:59.079
