START: 2023-10-07 10:53:09.147
SEEDS: 2023-10-07 10:53:23.575
RUN: 2023-10-15 07:42:39.153
REACHED: 2023-10-15 07:42:39.179921488 +0000 UTC m=+0.020717934
TIMEDOUT: 2023-10-15 07:52:39.160
