START: 2023-09-25 11:57:54.850
SEEDS: 2023-09-25 11:58:01.350
REACHED: 2023-09-25 11:58:01.368311412 +0000 UTC m=+0.012515426
DONE: 2023-09-25 11:58:45.218
