START: 2023-10-06 22:56:37.559
SEEDS: 2023-10-06 23:02:16.065
RUN: 2023-10-16 18:06:40.656
REACHED: 2023-10-16 18:06:40.676984197 +0000 UTC m=+0.015323402
TIMEDOUT: 2023-10-16 18:16:40.663
