START: 2023-10-11 20:58:27.106
SEEDS: 2023-10-11 21:00:14.953
RUN: 2023-10-16 08:24:52.079
REACHED: 2023-10-16 08:24:52.096038355 +0000 UTC m=+0.011414037
DONE: 2023-10-16 08:30:08.787
