START: 2023-10-06 15:53:31.294
SEEDS: 2023-10-06 15:53:49.063
RUN: 2023-10-13 18:59:28.401
REACHED: 2023-10-13 18:59:28.618321988 +0000 UTC m=+0.211736691
DONE: 2023-10-13 18:59:29.143
