START: 2023-09-25 14:35:22.950
SEEDS: 2023-09-25 14:37:11.199
RUN: 2023-10-12 16:01:08.675
REACHED: 2023-10-12 16:01:08.697980465 +0000 UTC m=+0.017045160
DONE: 2023-10-12 16:04:50.550
