START: 2023-10-05 11:20:16.622
SEEDS: 2023-10-05 11:23:03.270
RUN: 2023-10-18 02:47:44.363
REACHED: 2023-10-18 02:47:44.386006102 +0000 UTC m=+0.017274522
DONE: 2023-10-18 02:54:25.726
