START: 2023-09-27 13:51:25.071
SEEDS: 2023-09-27 13:54:16.595
RUN: 2023-10-12 20:40:53.608
REACHED: 2023-10-12 20:40:53.626545551 +0000 UTC m=+0.012540835
DONE: 2023-10-12 20:41:56.445
