START: 2023-10-06 17:12:00.077
SEEDS: 2023-10-06 17:12:18.688
RUN: 2023-10-14 04:59:54.299
REACHED: 2023-10-14 04:59:54.346528334 +0000 UTC m=+0.042359424
DONE: 2023-10-14 04:59:54.668
