START: 2023-10-08 19:30:42.343
SEEDS: 2023-10-08 19:31:12.333
RUN: 2023-10-12 14:15:18.140
REACHED: 2023-10-12 14:15:18.165451038 +0000 UTC m=+0.019564672
DONE: 2023-10-12 14:15:38.822
