START: 2023-10-05 15:41:47.319
SEEDS: 2023-10-05 15:44:34.053
RUN: 2023-10-18 10:54:41.311
REACHED: 2023-10-18 10:54:41.329951937 +0000 UTC m=+0.013290424
TIMEDOUT: 2023-10-18 11:04:41.318
