START: 2023-10-07 09:00:19.617
SEEDS: 2023-10-07 09:00:32.512
RUN: 2023-10-15 06:02:38.969
REACHED: 2023-10-15 06:02:38.985285308 +0000 UTC m=+0.010027187
TIMEDOUT: 2023-10-15 06:12:38.976
