START: 2023-10-13 11:23:04.501
SEEDS: 2023-10-13 11:42:44.386
RUN: 2023-10-17 18:05:57.845
REACHED: 2023-10-17 18:05:57.871994228 +0000 UTC m=+0.021047559
TIMEDOUT: 2023-10-17 18:15:57.852
