START: 2023-10-05 10:33:01.014
SEEDS: 2023-10-05 10:35:46.996
RUN: 2023-10-18 00:33:49.979
REACHED: 2023-10-18 00:33:49.997843503 +0000 UTC m=+0.013263765
TIMEDOUT: 2023-10-18 00:43:49.986
