START: 2023-10-10 11:01:05.189
SEEDS: 2023-10-10 11:01:32.235
RUN: 2023-10-15 18:27:07.515
REACHED: 2023-10-15 18:27:07.537134892 +0000 UTC m=+0.016633620
DONE: 2023-10-15 18:28:14.798
