START: 2023-09-29 10:42:42.138
SEEDS: 2023-09-29 10:48:16.126
RUN: 2023-10-12 21:41:17.134
REACHED: 2023-10-12 21:41:17.152547009 +0000 UTC m=+0.012691817
DONE: 2023-10-12 21:50:52.391
