START: 2023-10-08 18:56:53.438
SEEDS: 2023-10-08 18:57:19.766
RUN: 2023-10-13 13:32:59.064
REACHED: 2023-10-13 13:32:59.097860929 +0000 UTC m=+0.028738051
DONE: 2023-10-13 13:33:02.376
