START: 2023-10-08 19:16:15.760
SEEDS: 2023-10-08 19:16:34.295
RUN: 2023-10-16 04:44:51.675
REACHED: 2023-10-16 04:44:51.696775605 +0000 UTC m=+0.016410061
TIMEDOUT: 2023-10-16 04:54:51.681
