START: 2023-09-29 10:52:55.735
SEEDS: 2023-09-29 10:53:26.745
RUN: 2023-10-12 22:00:52.474
REACHED: 2023-10-12 22:00:52.494857634 +0000 UTC m=+0.014852148
DONE: 2023-10-12 22:01:21.403
