START: 2023-10-04 16:47:35.133
SEEDS: 2023-10-04 16:48:37.062
RUN: 2023-10-14 18:27:53.039
REACHED: 2023-10-14 18:27:53.069956164 +0000 UTC m=+0.025826286
DONE: 2023-10-14 18:29:25.520
