START: 2023-10-04 19:25:43.329
SEEDS: 2023-10-04 19:27:40.763
RUN: 2023-10-14 13:05:31.126
REACHED: 2023-10-14 13:05:31.148632334 +0000 UTC m=+0.016751596
TIMEDOUT: 2023-10-14 13:15:31.133
