START: 2023-09-29 12:21:46.787
SEEDS: 2023-09-29 12:24:27.785
RUN: 2023-10-12 21:26:29.836
REACHED: 2023-10-12 21:26:29.853777554 +0000 UTC m=+0.012502836
DONE: 2023-10-12 21:26:32.871
