START: 2023-10-05 14:51:44.983
SEEDS: 2023-10-05 14:54:31.421
RUN: 2023-10-18 08:07:15.040
REACHED: 2023-10-18 08:07:15.059734896 +0000 UTC m=+0.014553376
TIMEDOUT: 2023-10-18 08:17:15.046
