START: 2023-09-28 08:55:48.562
SEEDS: 2023-09-28 10:19:45.260
REACHED: 2023-09-28 10:19:45.278108596 +0000 UTC m=+0.012603448
DONE: 2023-09-28 10:21:16.057
