START: 2023-10-04 17:37:10.592
SEEDS: 2023-10-04 17:39:55.431
RUN: 2023-10-18 18:40:10.827
REACHED: 2023-10-18 18:40:10.84787272 +0000 UTC m=+0.015561788
TIMEDOUT: 2023-10-18 18:50:10.833
