START: 2023-10-06 17:34:54.280
SEEDS: 2023-10-06 17:35:01.725
RUN: 2023-10-17 08:39:31.508
REACHED: 2023-10-17 08:39:31.527008097 +0000 UTC m=+0.013482352
TIMEDOUT: 2023-10-17 08:49:31.515
