START: 2023-09-14 16:29:08.952
SEEDS: 2023-09-14 16:30:42.210
RUN: 2023-10-12 13:31:11.183
REACHED: 2023-10-12 13:31:11.200977751 +0000 UTC m=+0.012569315
DONE: 2023-10-12 13:31:11.244
