START: 2023-09-28 03:14:43.548
SEEDS: 2023-09-28 04:40:16.478
REACHED: 2023-09-28 04:40:16.496237832 +0000 UTC m=+0.012514160
DONE: 2023-09-28 04:41:28.562
