START: 2023-10-08 19:21:48.843
SEEDS: 2023-10-08 19:22:07.180
RUN: 2023-10-16 06:14:51.841
REACHED: 2023-10-16 06:14:51.861771755 +0000 UTC m=+0.015235029
TIMEDOUT: 2023-10-16 06:24:51.848
