START: 2023-09-29 11:44:34.788
SEEDS: 2023-09-29 11:47:16.087
RUN: 2023-10-12 21:25:58.439
REACHED: 2023-10-12 21:25:58.456928929 +0000 UTC m=+0.012479056
DONE: 2023-10-12 21:26:20.827
