START: 2023-10-06 17:02:28.807
SEEDS: 2023-10-06 17:06:40.368
RUN: 2023-10-13 20:04:34.420
REACHED: 2023-10-13 20:04:34.762866627 +0000 UTC m=+0.336942425
DONE: 2023-10-13 20:08:35.475
