START: 2023-09-29 02:05:47.474
SEEDS: 2023-09-29 03:30:40.564
REACHED: 2023-09-29 03:30:40.582118715 +0000 UTC m=+0.012334300
DONE: 2023-09-29 03:31:42.081
