START: 2023-10-09 12:41:09.333
SEEDS: 2023-10-09 12:42:37.305
RUN: 2023-10-13 05:25:22.792
REACHED: 2023-10-13 05:25:23.400923518 +0000 UTC m=+0.603769938
DONE: 2023-10-13 05:30:17.478
