START: 2023-10-10 16:48:39.920
SEEDS: 2023-10-10 16:49:18.296
RUN: 2023-10-13 01:52:15.539
REACHED: 2023-10-13 01:52:15.749153805 +0000 UTC m=+0.204783336
DONE: 2023-10-13 01:53:07.072
