START: 2023-10-10 18:04:11.028
SEEDS: 2023-10-10 18:05:39.112
RUN: 2023-10-12 23:20:44.792
REACHED: 2023-10-12 23:20:45.005301436 +0000 UTC m=+0.207812020
DONE: 2023-10-12 23:22:40.733
