START: 2023-10-10 17:12:41.646
SEEDS: 2023-10-10 17:12:41.654
RUN: 2023-10-10 17:12:41.656
REACHED: 2023-10-10 17:12:41.908187332 +0000 UTC m=+0.246944385
DONE: 2023-10-10 17:20:14.089
