START: 2023-10-10 10:51:56.329
SEEDS: 2023-10-10 10:52:34.895
RUN: 2023-10-13 10:16:30.505
REACHED: 2023-10-13 10:16:30.612901553 +0000 UTC m=+0.102775601
TIMEDOUT: 2023-10-13 10:26:30.511
