START: 2023-10-13 11:42:44.397
SEEDS: 2023-10-13 11:45:26.903
RUN: 2023-10-17 18:15:57.864
REACHED: 2023-10-17 18:15:57.882737766 +0000 UTC m=+0.013081757
TIMEDOUT: 2023-10-17 18:25:57.871
