START: 2023-09-29 13:23:26.254
SEEDS: 2023-09-29 13:23:54.369
RUN: 2023-10-12 22:09:53.636
REACHED: 2023-10-12 22:09:53.654088596 +0000 UTC m=+0.012513222
DONE: 2023-10-12 22:10:50.420
