START: 2023-10-06 17:34:00.077
SEEDS: 2023-10-06 17:34:08.449
RUN: 2023-10-17 08:35:10.622
REACHED: 2023-10-17 08:35:10.642220606 +0000 UTC m=+0.014346023
DONE: 2023-10-17 08:39:31.496
