START: 2023-10-08 16:44:19.863
SEEDS: 2023-10-08 16:44:28.412
RUN: 2023-10-14 00:33:46.690
REACHED: 2023-10-14 00:33:46.808868267 +0000 UTC m=+0.113328705
DONE: 2023-10-14 00:33:49.332
