START: 2023-10-13 11:15:57.034
SEEDS: 2023-10-13 11:17:37.633
RUN: 2023-10-14 08:42:48.415
REACHED: 2023-10-14 08:42:48.671418702 +0000 UTC m=+0.251087412
TIMEDOUT: 2023-10-14 08:52:48.421
