START: 2023-10-08 16:58:28.603
SEEDS: 2023-10-08 16:58:37.483
RUN: 2023-10-12 15:45:26.917
REACHED: 2023-10-12 15:45:26.935110729 +0000 UTC m=+0.012677142
DONE: 2023-10-12 15:45:42.164
