START: 2023-10-06 17:13:30.535
SEEDS: 2023-10-06 17:13:39.595
RUN: 2023-10-14 05:12:28.145
REACHED: 2023-10-14 05:12:28.233863204 +0000 UTC m=+0.083010400
DONE: 2023-10-14 05:12:50.341
