START: 2023-10-07 08:39:48.178
SEEDS: 2023-10-07 08:40:02.677
RUN: 2023-10-15 05:42:38.932
REACHED: 2023-10-15 05:42:38.956675907 +0000 UTC m=+0.018594670
TIMEDOUT: 2023-10-15 05:52:38.939
