START: 2023-10-08 18:59:30.112
SEEDS: 2023-10-08 18:59:58.173
RUN: 2023-10-13 14:12:09.182
REACHED: 2023-10-13 14:12:09.581089963 +0000 UTC m=+0.393966362
DONE: 2023-10-13 14:19:30.320
