START: 2023-10-04 16:24:02.604
SEEDS: 2023-10-04 16:28:14.895
RUN: 2023-10-14 18:00:47.258
REACHED: 2023-10-14 18:00:47.329601676 +0000 UTC m=+0.066358667
TIMEDOUT: 2023-10-14 18:10:47.264
