START: 2023-10-08 19:10:50.838
SEEDS: 2023-10-08 19:11:08.685
RUN: 2023-10-16 02:44:51.442
REACHED: 2023-10-16 02:44:51.461337195 +0000 UTC m=+0.014123942
TIMEDOUT: 2023-10-16 02:54:51.448
