START: 2023-10-06 17:20:57.065
SEEDS: 2023-10-06 17:21:04.203
RUN: 2023-10-17 16:17:47.178
REACHED: 2023-10-17 16:17:47.202835663 +0000 UTC m=+0.019605447
TIMEDOUT: 2023-10-17 16:27:47.185
