START: 2023-10-07 15:32:28.541
SEEDS: 2023-10-07 16:56:28.557
RUN: 2023-10-07 16:56:28.558
REACHED: 2023-10-07 16:56:29.178496406 +0000 UTC m=+0.614632816
DONE: 2023-10-07 17:00:31.805
