START: 2023-10-10 16:56:39.295
SEEDS: 2023-10-10 16:57:15.399
RUN: 2023-10-14 23:19:38.463
REACHED: 2023-10-14 23:19:38.486620719 +0000 UTC m=+0.017626658
TIMEDOUT: 2023-10-14 23:29:38.470
