START: 2023-10-08 18:44:39.251
SEEDS: 2023-10-08 18:45:05.760
RUN: 2023-10-12 14:23:30.150
REACHED: 2023-10-12 14:23:30.168450041 +0000 UTC m=+0.013226086
DONE: 2023-10-12 14:23:54.251
