START: 2023-09-25 14:37:26.166
SEEDS: 2023-09-25 14:37:40.533
RUN: 2023-10-12 16:05:56.274
REACHED: 2023-10-12 16:05:56.292457689 +0000 UTC m=+0.012555233
DONE: 2023-10-12 16:06:26.729
