START: 2023-10-10 10:51:16.216
SEEDS: 2023-10-10 10:51:56.320
RUN: 2023-10-13 09:46:24.933
REACHED: 2023-10-13 09:46:25.560286404 +0000 UTC m=+0.621852537
DONE: 2023-10-13 09:47:29.707
