START: 2023-10-09 13:01:30.902
SEEDS: 2023-10-09 13:05:26.665
RUN: 2023-10-15 13:10:43.453
REACHED: 2023-10-15 13:10:43.482469603 +0000 UTC m=+0.023687605
TIMEDOUT: 2023-10-15 13:20:43.460
