START: 2023-10-10 10:25:30.316
SEEDS: 2023-10-10 10:26:07.436
RUN: 2023-10-12 13:59:49.887
REACHED: 2023-10-12 13:59:49.905185424 +0000 UTC m=+0.012750699
DONE: 2023-10-12 14:00:05.628
