START: 2023-10-09 13:55:57.841
SEEDS: 2023-10-09 13:56:51.749
RUN: 2023-10-13 04:48:48.599
REACHED: 2023-10-13 04:48:48.756813471 +0000 UTC m=+0.152506718
DONE: 2023-10-13 04:50:28.864
