START: 2023-10-09 13:44:50.029
SEEDS: 2023-10-09 13:45:44.700
RUN: 2023-10-12 13:47:57.812
REACHED: 2023-10-12 13:47:57.830740604 +0000 UTC m=+0.012588040
DONE: 2023-10-12 13:47:57.871
