START: 2023-10-06 17:17:26.585
SEEDS: 2023-10-06 17:17:36.262
RUN: 2023-10-17 13:43:06.897
REACHED: 2023-10-17 13:43:06.912564491 +0000 UTC m=+0.010273149
TIMEDOUT: 2023-10-17 13:53:06.903
