START: 2023-10-10 10:22:47.056
SEEDS: 2023-10-10 10:23:26.998
RUN: 2023-10-12 14:04:49.130
REACHED: 2023-10-12 14:04:49.147990762 +0000 UTC m=+0.012732518
DONE: 2023-10-12 14:05:21.083
