START: 2023-10-09 13:51:46.526
SEEDS: 2023-10-09 13:53:16.708
RUN: 2023-10-13 03:37:48.320
REACHED: 2023-10-13 03:37:48.775022025 +0000 UTC m=+0.449331534
DONE: 2023-10-13 03:37:50.734
