START: 2023-10-10 10:22:10.967
SEEDS: 2023-10-10 10:22:47.048
RUN: 2023-10-12 14:03:21.707
REACHED: 2023-10-12 14:03:21.724908393 +0000 UTC m=+0.012448136
DONE: 2023-10-12 14:03:30.673
