START: 2023-09-14 14:41:18.999
SEEDS: 2023-09-14 14:41:19.008
REACHED: 2023-09-14 14:41:19.027815736 +0000 UTC m=+0.014001322
DONE: 2023-09-14 14:42:40.989
