START: 2023-10-09 13:56:51.758
SEEDS: 2023-10-09 13:57:45.067
RUN: 2023-10-13 04:53:45.854
REACHED: 2023-10-13 04:53:46.027426994 +0000 UTC m=+0.167987856
TIMEDOUT: 2023-10-13 05:03:45.861
