START: 2023-09-29 14:46:47.105
REACHED: 2023-09-29 14:46:47.410171551 +0000 UTC m=+0.300105530
TIMEDOUT: 2023-09-29 14:56:47.111
