START: 2023-10-13 08:19:59.582
SEEDS: 2023-10-13 08:29:51.469
RUN: 2023-10-13 13:58:14.932
REACHED: 2023-10-13 13:58:14.951132099 +0000 UTC m=+0.013332515
DONE: 2023-10-13 13:58:42.662
