START: 2023-10-09 12:50:53.595
SEEDS: 2023-10-09 12:51:33.563
RUN: 2023-10-13 06:58:47.462
REACHED: 2023-10-13 06:58:47.745567545 +0000 UTC m=+0.277911590
DONE: 2023-10-13 06:59:12.676
