START: 2023-10-10 18:08:36.181
SEEDS: 2023-10-10 18:10:05.257
RUN: 2023-10-12 23:52:24.461
REACHED: 2023-10-12 23:52:24.71198398 +0000 UTC m=+0.245811484
DONE: 2023-10-12 23:53:24.889
