START: 2023-10-10 16:26:54.287
SEEDS: 2023-10-10 16:27:18.282
RUN: 2023-10-12 13:17:53.008
REACHED: 2023-10-12 13:17:53.026969202 +0000 UTC m=+0.013142236
DONE: 2023-10-12 13:17:54.439
