START: 2023-10-10 18:51:04.617
SEEDS: 2023-10-10 18:52:24.803
RUN: 2023-10-14 22:19:38.351
REACHED: 2023-10-14 22:19:38.373084006 +0000 UTC m=+0.016404249
TIMEDOUT: 2023-10-14 22:29:38.358
