START: 2023-10-06 17:05:43.752
SEEDS: 2023-10-06 17:05:52.113
RUN: 2023-10-17 10:08:53.642
REACHED: 2023-10-17 10:08:53.666370183 +0000 UTC m=+0.018866219
TIMEDOUT: 2023-10-17 10:18:53.649
