START: 2023-09-14 14:37:39.853
SEEDS: 2023-09-14 14:37:39.862
REACHED: 2023-09-14 14:37:39.880671994 +0000 UTC m=+0.012565734
DONE: 2023-09-14 14:38:57.007
