START: 2023-10-09 09:40:39.793
SEEDS: 2023-10-09 09:55:13.772
RUN: 2023-10-09 09:55:13.774
REACHED: 2023-10-09 09:55:13.793606502 +0000 UTC m=+0.014138878
TIMEDOUT: 2023-10-09 10:05:13.781
