START: 2023-09-18 09:47:08.860
SEEDS: 2023-09-18 09:47:20.588
RUN: 2023-10-12 15:29:27.250
REACHED: 2023-10-12 15:29:27.268678818 +0000 UTC m=+0.012425104
DONE: 2023-10-12 15:29:52.210
