START: 2023-10-09 13:30:39.549
SEEDS: 2023-10-09 13:45:15.186
RUN: 2023-10-09 13:45:15.188
REACHED: 2023-10-09 13:45:15.207663903 +0000 UTC m=+0.014226501
TIMEDOUT: 2023-10-09 13:55:15.195
