START: 2023-10-11 19:21:33.704
SEEDS: 2023-10-11 19:23:31.614
RUN: 2023-10-12 14:48:01.717
REACHED: 2023-10-12 14:48:01.735420199 +0000 UTC m=+0.012625736
DONE: 2023-10-12 14:49:25.947
