START: 2023-10-10 16:52:20.866
SEEDS: 2023-10-10 16:52:43.689
RUN: 2023-10-13 01:54:51.097
REACHED: 2023-10-13 01:54:51.196428198 +0000 UTC m=+0.094120092
DONE: 2023-10-13 01:59:10.560
