START: 2023-10-09 13:18:50.162
SEEDS: 2023-10-09 13:20:35.896
RUN: 2023-10-15 15:54:18.994
REACHED: 2023-10-15 15:54:19.010285757 +0000 UTC m=+0.010368425
TIMEDOUT: 2023-10-15 16:04:19.001
