START: 2023-10-05 15:52:18.079
SEEDS: 2023-10-05 15:52:18.088
RUN: 2023-10-05 15:52:18.090
REACHED: 2023-10-05 15:52:18.10474559 +0000 UTC m=+0.009740796
TIMEDOUT: 2023-10-05 16:02:18.096
