START: 2023-10-10 17:36:42.909
SEEDS: 2023-10-10 17:38:12.216
RUN: 2023-10-12 13:07:39.816
REACHED: 2023-10-12 13:07:39.838455293 +0000 UTC m=+0.016870355
DONE: 2023-10-12 13:07:40.686
