START: 2023-10-10 16:45:13.807
SEEDS: 2023-10-10 16:45:50.229
RUN: 2023-10-13 01:19:12.692
REACHED: 2023-10-13 01:19:12.735613942 +0000 UTC m=+0.038345056
DONE: 2023-10-13 01:24:19.934
