START: 2023-10-05 12:18:26.973
SEEDS: 2023-10-05 12:20:33.490
RUN: 2023-10-14 16:14:00.901
REACHED: 2023-10-14 16:14:01.070546569 +0000 UTC m=+0.163945434
DONE: 2023-10-14 16:14:01.157
