START: 2023-10-10 16:33:41.755
SEEDS: 2023-10-10 16:34:05.497
RUN: 2023-10-12 13:21:56.205
REACHED: 2023-10-12 13:21:56.222942746 +0000 UTC m=+0.012474328
DONE: 2023-10-12 13:22:59.196
