START: 2023-10-05 12:56:31.050
SEEDS: 2023-10-05 12:57:19.642
RUN: 2023-10-18 13:35:40.654
REACHED: 2023-10-18 13:35:40.679090871 +0000 UTC m=+0.019290835
TIMEDOUT: 2023-10-18 13:45:40.661
