START: 2023-10-08 18:48:44.213
SEEDS: 2023-10-08 18:49:00.831
RUN: 2023-10-12 14:26:55.514
REACHED: 2023-10-12 14:26:55.531862744 +0000 UTC m=+0.012576341
DONE: 2023-10-12 14:27:27.563
