START: 2023-10-06 22:06:07.636
SEEDS: 2023-10-06 22:08:45.642
RUN: 2023-10-16 17:26:40.582
REACHED: 2023-10-16 17:26:40.602328386 +0000 UTC m=+0.014166484
TIMEDOUT: 2023-10-16 17:36:40.589
