START: 2023-10-10 17:54:22.021
SEEDS: 2023-10-10 17:54:22.030
RUN: 2023-10-10 17:54:22.031
REACHED: 2023-10-10 17:54:22.183068848 +0000 UTC m=+0.146350466
DONE: 2023-10-10 17:56:41.893
