START: 2023-10-06 17:29:15.935
SEEDS: 2023-10-06 17:29:24.237
RUN: 2023-10-14 01:08:54.013
REACHED: 2023-10-14 01:08:54.147046058 +0000 UTC m=+0.128713141
DONE: 2023-10-14 01:13:47.449
