START: 2023-10-11 18:19:57.750
SEEDS: 2023-10-11 18:24:16.594
RUN: 2023-10-16 13:45:59.467
REACHED: 2023-10-16 13:45:59.487982909 +0000 UTC m=+0.015431301
TIMEDOUT: 2023-10-16 13:55:59.474
