START: 2023-10-08 19:34:50.719
SEEDS: 2023-10-08 19:35:22.021
RUN: 2023-10-12 14:15:38.846
REACHED: 2023-10-12 14:15:38.86568036 +0000 UTC m=+0.013595573
DONE: 2023-10-12 14:15:38.906
