START: 2023-10-13 10:01:40.415
SEEDS: 2023-10-13 10:11:33.744
RUN: 2023-10-14 07:04:50.805
REACHED: 2023-10-14 07:04:50.948090993 +0000 UTC m=+0.138023864
TIMEDOUT: 2023-10-14 07:14:50.811
