START: 2023-09-29 11:55:09.809
SEEDS: 2023-09-29 11:57:53.155
RUN: 2023-10-12 21:17:48.764
REACHED: 2023-10-12 21:17:48.781805509 +0000 UTC m=+0.012562447
DONE: 2023-10-12 21:18:16.044
