START: 2023-10-10 18:47:03.039
SEEDS: 2023-10-10 18:48:23.621
RUN: 2023-10-14 20:22:48.923
REACHED: 2023-10-14 20:22:48.943651829 +0000 UTC m=+0.015059540
TIMEDOUT: 2023-10-14 20:32:48.930
