START: 2023-09-27 14:13:04.538
SEEDS: 2023-09-27 14:15:47.418
RUN: 2023-10-12 20:43:45.050
REACHED: 2023-10-12 20:43:45.068285383 +0000 UTC m=+0.012352433
DONE: 2023-10-12 20:46:35.212
