START: 2023-10-07 02:57:05.595
SEEDS: 2023-10-07 03:02:25.666
RUN: 2023-10-13 02:28:00.143
REACHED: 2023-10-13 02:28:00.365804669 +0000 UTC m=+0.217015008
DONE: 2023-10-13 02:28:13.022
