START: 2023-10-05 13:05:09.873
SEEDS: 2023-10-05 13:05:59.121
RUN: 2023-10-18 14:08:52.583
REACHED: 2023-10-18 14:08:52.606392495 +0000 UTC m=+0.017627977
TIMEDOUT: 2023-10-18 14:18:52.590
