START: 2023-09-29 11:05:13.695
SEEDS: 2023-09-29 11:05:43.294
RUN: 2023-10-12 22:04:35.033
REACHED: 2023-10-12 22:04:35.052073191 +0000 UTC m=+0.013617715
DONE: 2023-10-12 22:04:50.145
