START: 2023-10-10 16:32:45.140
RUN: 2023-10-10 16:32:45.142
REACHED: 2023-10-10 16:32:45.162808553 +0000 UTC m=+0.015700378
TIMEDOUT: 2023-10-10 16:42:45.148
