START: 2023-10-06 17:06:49.556
SEEDS: 2023-10-06 17:07:02.578
RUN: 2023-10-17 11:18:53.771
REACHED: 2023-10-17 11:18:53.790604758 +0000 UTC m=+0.013804764
TIMEDOUT: 2023-10-17 11:28:53.778
