START: 2023-10-13 08:02:57.989
SEEDS: 2023-10-13 08:12:46.907
RUN: 2023-10-13 13:57:18.689
REACHED: 2023-10-13 13:57:18.707564816 +0000 UTC m=+0.012578392
DONE: 2023-10-13 13:57:18.747
