START: 2023-10-04 17:06:01.928
SEEDS: 2023-10-04 17:10:02.033
RUN: 2023-10-18 16:45:44.086
REACHED: 2023-10-18 16:45:44.110777234 +0000 UTC m=+0.019566025
TIMEDOUT: 2023-10-18 16:55:44.092
