START: 2023-10-04 19:44:06.221
SEEDS: 2023-10-04 19:44:54.539
RUN: 2023-10-18 04:14:25.883
REACHED: 2023-10-18 04:14:25.907448829 +0000 UTC m=+0.018528103
TIMEDOUT: 2023-10-18 04:24:25.890
