START: 2023-10-04 19:38:28.258
SEEDS: 2023-10-04 19:39:16.438
RUN: 2023-10-18 03:34:25.811
REACHED: 2023-10-18 03:34:25.834873614 +0000 UTC m=+0.018159222
TIMEDOUT: 2023-10-18 03:44:25.818
