START: 2023-10-09 14:28:50.045
SEEDS: 2023-10-09 14:29:32.927
RUN: 2023-10-15 09:00:42.993
REACHED: 2023-10-15 09:00:43.014102725 +0000 UTC m=+0.015550974
TIMEDOUT: 2023-10-15 09:10:43.000
