START: 2023-10-09 12:43:17.807
SEEDS: 2023-10-09 12:44:45.982
RUN: 2023-10-13 05:38:29.024
REACHED: 2023-10-13 05:38:29.162088824 +0000 UTC m=+0.132873480
DONE: 2023-10-13 05:41:57.765
