START: 2023-10-08 19:28:17.357
SEEDS: 2023-10-08 19:29:06.403
RUN: 2023-10-12 14:11:32.990
REACHED: 2023-10-12 14:11:33.008671509 +0000 UTC m=+0.012523648
DONE: 2023-10-12 14:11:33.051
