START: 2023-10-07 09:20:55.112
SEEDS: 2023-10-07 09:21:41.730
RUN: 2023-10-15 06:22:39.007
REACHED: 2023-10-15 06:22:39.034765644 +0000 UTC m=+0.022190807
TIMEDOUT: 2023-10-15 06:32:39.014
