START: 2023-10-05 13:37:01.311
SEEDS: 2023-10-05 13:39:48.920
RUN: 2023-10-14 14:19:24.434
REACHED: 2023-10-14 14:19:24.52574887 +0000 UTC m=+0.085959459
DONE: 2023-10-14 14:23:11.086
