START: 2023-10-04 20:08:45.688
SEEDS: 2023-10-04 20:09:34.711
RUN: 2023-10-18 06:34:26.140
REACHED: 2023-10-18 06:34:26.160748029 +0000 UTC m=+0.015206285
TIMEDOUT: 2023-10-18 06:44:26.147
