START: 2023-09-18 09:12:40.336
SEEDS: 2023-09-18 09:13:09.447
RUN: 2023-10-12 15:20:44.661
REACHED: 2023-10-12 15:20:44.679684622 +0000 UTC m=+0.012599373
DONE: 2023-10-12 15:21:20.390
