START: 2023-10-11 19:36:54.914
SEEDS: 2023-10-11 19:38:53.422
RUN: 2023-10-12 14:54:14.835
REACHED: 2023-10-12 14:54:14.853948405 +0000 UTC m=+0.013221469
DONE: 2023-10-12 14:55:20.871
