START: 2023-10-05 13:59:12.328
SEEDS: 2023-10-05 14:01:57.133
RUN: 2023-10-14 14:35:05.225
REACHED: 2023-10-14 14:35:05.291240531 +0000 UTC m=+0.060509666
DONE: 2023-10-14 14:44:05.684
