START: 2023-10-09 12:33:54.202
SEEDS: 2023-10-09 12:34:09.994
RUN: 2023-10-12 13:52:11.076
REACHED: 2023-10-12 13:52:11.093912598 +0000 UTC m=+0.012482100
DONE: 2023-10-12 13:52:54.615
