START: 2023-10-05 12:29:17.224
SEEDS: 2023-10-05 12:31:20.552
RUN: 2023-10-14 16:59:56.491
REACHED: 2023-10-14 16:59:56.865410497 +0000 UTC m=+0.369109842
DONE: 2023-10-14 17:04:04.734
