START: 2023-10-09 14:34:37.935
SEEDS: 2023-10-09 14:35:20.766
RUN: 2023-10-15 09:50:43.084
REACHED: 2023-10-15 09:50:43.108404768 +0000 UTC m=+0.018913343
TIMEDOUT: 2023-10-15 10:00:43.090
