START: 2023-10-09 13:38:01.329
SEEDS: 2023-10-09 13:38:55.023
RUN: 2023-10-12 13:47:13.680
REACHED: 2023-10-12 13:47:13.698014665 +0000 UTC m=+0.012410136
DONE: 2023-10-12 13:47:16.750
