START: 2023-10-10 16:37:16.740
SEEDS: 2023-10-10 16:38:31.619
RUN: 2023-10-13 00:41:33.725
REACHED: 2023-10-13 00:41:33.822078816 +0000 UTC m=+0.091055096
DONE: 2023-10-13 00:44:37.473
