START: 2023-10-13 10:26:04.874
SEEDS: 2023-10-13 10:26:44.924
RUN: 2023-10-14 07:38:07.181
REACHED: 2023-10-14 07:38:08.215218106 +0000 UTC m=+1.029176280
DONE: 2023-10-14 07:41:58.358
