START: 2023-09-29 13:44:45.590
SEEDS: 2023-09-29 13:45:22.294
RUN: 2023-10-12 22:14:39.503
REACHED: 2023-10-12 22:14:39.520660277 +0000 UTC m=+0.012543361
DONE: 2023-10-12 22:14:39.965
