START: 2023-10-10 10:30:05.884
SEEDS: 2023-10-10 10:30:45.534
RUN: 2023-10-12 14:00:05.647
REACHED: 2023-10-12 14:00:05.666216945 +0000 UTC m=+0.013845552
DONE: 2023-10-12 14:00:31.810
