START: 2023-09-18 09:55:09.447
SEEDS: 2023-09-18 09:55:37.208
RUN: 2023-10-12 15:34:39.115
REACHED: 2023-10-12 15:34:39.134139677 +0000 UTC m=+0.013451788
DONE: 2023-10-12 15:34:53.663
