START: 2023-10-07 03:32:26.264
SEEDS: 2023-10-07 03:37:04.833
RUN: 2023-10-13 02:41:21.193
REACHED: 2023-10-13 02:41:21.576270289 +0000 UTC m=+0.377857522
DONE: 2023-10-13 02:41:22.376
