START: 2023-10-08 16:37:18.479
SEEDS: 2023-10-08 16:38:05.924
RUN: 2023-10-13 23:16:51.059
REACHED: 2023-10-13 23:16:51.353081515 +0000 UTC m=+0.288464078
DONE: 2023-10-13 23:17:01.183
