START: 2023-10-11 17:53:47.410
SEEDS: 2023-10-11 17:58:03.960
RUN: 2023-10-16 12:00:38.989
REACHED: 2023-10-16 12:00:39.012350924 +0000 UTC m=+0.017163604
TIMEDOUT: 2023-10-16 12:10:38.996
