START: 2023-10-11 16:36:06.461
SEEDS: 2023-10-11 16:36:59.891
RUN: 2023-10-13 17:40:16.357
REACHED: 2023-10-13 17:40:16.393943483 +0000 UTC m=+0.031205088
DONE: 2023-10-13 17:40:17.709
