START: 2023-10-10 16:44:50.949
SEEDS: 2023-10-10 16:45:13.797
RUN: 2023-10-13 01:19:12.083
REACHED: 2023-10-13 01:19:12.138918519 +0000 UTC m=+0.050617976
DONE: 2023-10-13 01:19:12.440
