START: 2023-10-07 04:48:49.619
SEEDS: 2023-10-07 04:54:09.992
RUN: 2023-10-13 03:22:30.068
REACHED: 2023-10-13 03:22:30.514313179 +0000 UTC m=+0.440772064
TIMEDOUT: 2023-10-13 03:32:30.075
