START: 2023-10-10 16:20:06.310
SEEDS: 2023-10-10 16:20:45.669
RUN: 2023-10-12 13:11:15.412
REACHED: 2023-10-12 13:11:15.430016141 +0000 UTC m=+0.012610364
DONE: 2023-10-12 13:12:41.902
