START: 2023-09-27 14:40:04.569
SEEDS: 2023-09-27 14:42:33.814
RUN: 2023-10-12 20:52:49.344
REACHED: 2023-10-12 20:52:49.361796314 +0000 UTC m=+0.012536447
DONE: 2023-10-12 20:53:49.087
