START: 2023-10-05 10:10:45.815
SEEDS: 2023-10-05 10:13:32.874
RUN: 2023-10-17 23:43:49.887
REACHED: 2023-10-17 23:43:49.906894266 +0000 UTC m=+0.013706553
TIMEDOUT: 2023-10-17 23:53:49.894
