START: 2023-10-10 10:45:55.985
SEEDS: 2023-10-10 10:46:38.757
RUN: 2023-10-13 09:10:12.078
REACHED: 2023-10-13 09:10:12.29842422 +0000 UTC m=+0.214560268
DONE: 2023-10-13 09:11:38.344
