START: 2023-10-09 13:31:51.969
SEEDS: 2023-10-09 13:32:45.944
RUN: 2023-10-12 13:45:39.322
REACHED: 2023-10-12 13:45:39.340409793 +0000 UTC m=+0.012489452
DONE: 2023-10-12 13:47:13.648
