START: 2023-10-10 10:49:16.354
SEEDS: 2023-10-10 10:49:55.866
RUN: 2023-10-13 08:33:20.642
REACHED: 2023-10-13 08:33:20.967466306 +0000 UTC m=+0.320316289
DONE: 2023-10-13 08:34:05.595
