START: 2023-10-10 16:42:36.300
SEEDS: 2023-10-10 16:42:59.302
RUN: 2023-10-13 01:07:05.736
REACHED: 2023-10-13 01:07:05.858761904 +0000 UTC m=+0.116936643
DONE: 2023-10-13 01:09:04.161
