START: 2023-10-05 11:59:49.734
SEEDS: 2023-10-05 12:00:20.077
RUN: 2023-10-14 15:40:33.547
REACHED: 2023-10-14 15:40:33.821125978 +0000 UTC m=+0.268766154
DONE: 2023-10-14 15:42:46.605
