START: 2023-09-25 14:45:38.233
SEEDS: 2023-09-25 14:46:11.390
RUN: 2023-10-12 16:22:31.181
REACHED: 2023-10-12 16:22:31.19976494 +0000 UTC m=+0.012544446
DONE: 2023-10-12 16:22:59.058
