START: 2023-10-07 04:36:04.213
SEEDS: 2023-10-07 04:39:48.450
RUN: 2023-10-13 03:11:46.101
REACHED: 2023-10-13 03:11:46.516269564 +0000 UTC m=+0.410084435
DONE: 2023-10-13 03:12:30.045
