START: 2023-10-05 12:21:17.779
SEEDS: 2023-10-05 12:23:21.588
RUN: 2023-10-14 16:24:01.568
REACHED: 2023-10-14 16:24:02.617204852 +0000 UTC m=+1.043187616
DONE: 2023-10-14 16:32:38.605
