START: 2023-10-08 17:10:42.375
SEEDS: 2023-10-08 17:10:49.621
RUN: 2023-10-16 21:37:39.439
REACHED: 2023-10-16 21:37:39.459951964 +0000 UTC m=+0.014893575
TIMEDOUT: 2023-10-16 21:47:39.446
