START: 2023-09-29 14:09:36.258
SEEDS: 2023-09-29 14:10:06.750
RUN: 2023-10-12 22:27:15.012
REACHED: 2023-10-12 22:27:15.03030466 +0000 UTC m=+0.012653102
DONE: 2023-10-12 22:28:32.567
