START: 2023-10-09 12:42:37.318
SEEDS: 2023-10-09 12:43:17.797
RUN: 2023-10-13 05:30:17.487
REACHED: 2023-10-13 05:30:17.90189783 +0000 UTC m=+0.409271063
DONE: 2023-10-13 05:38:29.015
