START: 2023-10-10 14:13:29.243
RUN: 2023-10-10 14:13:29.245
REACHED: 2023-10-10 14:13:29.498907735 +0000 UTC m=+0.248657882
DONE: 2023-10-10 14:15:44.131
