START: 2023-10-07 03:18:07.382
SEEDS: 2023-10-07 03:22:26.241
RUN: 2023-10-13 02:38:13.044
REACHED: 2023-10-13 02:38:13.179085196 +0000 UTC m=+0.129851209
DONE: 2023-10-13 02:41:21.185
