START: 2023-10-08 16:40:35.565
SEEDS: 2023-10-08 18:06:10.717
RUN: 2023-10-08 18:06:10.719
REACHED: 2023-10-08 18:06:11.091960429 +0000 UTC m=+0.367826669
DONE: 2023-10-08 18:10:12.311
