START: 2023-10-08 16:53:41.715
SEEDS: 2023-10-08 16:53:50.466
RUN: 2023-10-17 03:49:08.089
REACHED: 2023-10-17 03:49:08.108655765 +0000 UTC m=+0.013985224
TIMEDOUT: 2023-10-17 03:59:08.096
