START: 2023-10-09 12:31:04.018
SEEDS: 2023-10-09 12:31:42.713
RUN: 2023-10-12 13:51:16.307
REACHED: 2023-10-12 13:51:16.326717474 +0000 UTC m=+0.013887670
DONE: 2023-10-12 13:51:27.031
