START: 2023-10-06 21:40:52.653
SEEDS: 2023-10-06 21:43:29.929
RUN: 2023-10-16 17:06:40.546
REACHED: 2023-10-16 17:06:40.561154689 +0000 UTC m=+0.009703009
TIMEDOUT: 2023-10-16 17:16:40.552
