START: 2023-09-18 09:11:43.037
SEEDS: 2023-09-18 09:11:59.687
RUN: 2023-10-12 15:20:35.336
REACHED: 2023-10-12 15:20:35.354101551 +0000 UTC m=+0.012514442
DONE: 2023-10-12 15:20:43.535
