START: 2023-09-27 09:44:15.503
SEEDS: 2023-09-27 09:44:24.182
RUN: 2023-10-12 16:41:27.222
REACHED: 2023-10-12 16:41:27.240017204 +0000 UTC m=+0.012572476
DONE: 2023-10-12 16:41:59.720
