START: 2023-10-06 17:35:10.131
SEEDS: 2023-10-06 17:35:17.278
RUN: 2023-10-17 05:39:08.291
REACHED: 2023-10-17 05:39:08.314225382 +0000 UTC m=+0.017620941
TIMEDOUT: 2023-10-17 05:49:08.298
