START: 2023-10-05 12:52:11.542
SEEDS: 2023-10-05 12:53:00.718
RUN: 2023-10-18 13:15:40.617
REACHED: 2023-10-18 13:15:40.636676939 +0000 UTC m=+0.013856977
TIMEDOUT: 2023-10-18 13:25:40.624
