START: 2023-10-06 17:35:54.030
SEEDS: 2023-10-06 17:36:01.238
RUN: 2023-10-17 08:49:31.526
REACHED: 2023-10-17 08:49:31.546729287 +0000 UTC m=+0.014848974
DONE: 2023-10-17 08:58:53.502
