START: 2023-09-25 11:55:19.630
SEEDS: 2023-09-25 11:55:30.169
REACHED: 2023-09-25 11:55:30.187998794 +0000 UTC m=+0.013659939
DONE: 2023-09-25 11:55:52.820
