START: 2023-09-26 17:49:18.650
SEEDS: 2023-09-26 17:49:47.428
RUN: 2023-10-12 20:58:49.076
REACHED: 2023-10-12 20:58:49.094544747 +0000 UTC m=+0.012551120
DONE: 2023-10-12 20:59:46.137
