START: 2023-10-08 16:50:56.892
SEEDS: 2023-10-08 16:51:04.232
RUN: 2023-10-17 02:20:38.026
REACHED: 2023-10-17 02:20:38.049046209 +0000 UTC m=+0.017229663
TIMEDOUT: 2023-10-17 02:30:38.033
