START: 2023-10-08 19:33:50.152
SEEDS: 2023-10-08 19:34:20.644
RUN: 2023-10-12 14:12:43.864
REACHED: 2023-10-12 14:12:43.882593344 +0000 UTC m=+0.012467151
DONE: 2023-10-12 14:12:43.925
