START: 2023-10-13 12:09:57.947
SEEDS: 2023-10-13 12:12:34.266
RUN: 2023-10-17 18:55:57.937
REACHED: 2023-10-17 18:55:57.958723159 +0000 UTC m=+0.015627830
TIMEDOUT: 2023-10-17 19:05:57.944
