START: 2023-10-05 15:30:41.295
SEEDS: 2023-10-05 15:33:27.372
RUN: 2023-10-18 08:27:15.077
REACHED: 2023-10-18 08:27:15.097949024 +0000 UTC m=+0.015553370
TIMEDOUT: 2023-10-18 08:37:15.083
