START: 2023-10-06 17:03:42.298
SEEDS: 2023-10-06 17:03:51.184
RUN: 2023-10-14 04:25:50.416
REACHED: 2023-10-14 04:25:50.542128594 +0000 UTC m=+0.120407054
DONE: 2023-10-14 04:26:39.673
