START: 2023-10-10 16:18:10.101
RUN: 2023-10-10 16:18:10.103
REACHED: 2023-10-10 16:18:10.121267628 +0000 UTC m=+0.012563905
DONE: 2023-10-10 16:22:45.102
