START: 2023-10-10 10:37:16.753
SEEDS: 2023-10-10 10:37:56.632
RUN: 2023-10-13 09:21:38.366
REACHED: 2023-10-13 09:21:38.467245507 +0000 UTC m=+0.095804817
TIMEDOUT: 2023-10-13 09:31:38.373
