START: 2023-10-08 17:02:13.249
SEEDS: 2023-10-08 17:02:32.144
RUN: 2023-10-13 21:33:36.787
REACHED: 2023-10-13 21:33:37.322482621 +0000 UTC m=+0.530172386
TIMEDOUT: 2023-10-13 21:43:36.793
