START: 2023-10-11 20:27:58.807
SEEDS: 2023-10-11 20:29:58.112
RUN: 2023-10-13 15:55:14.431
REACHED: 2023-10-13 15:55:14.690329435 +0000 UTC m=+0.253987465
TIMEDOUT: 2023-10-13 16:05:14.438
