START: 2023-10-05 13:09:33.493
SEEDS: 2023-10-05 13:10:22.534
RUN: 2023-10-18 14:28:52.620
REACHED: 2023-10-18 14:28:52.640822381 +0000 UTC m=+0.015508469
TIMEDOUT: 2023-10-18 14:38:52.626
