START: 2023-10-06 17:30:28.430
SEEDS: 2023-10-06 17:30:37.978
RUN: 2023-10-14 01:29:34.713
REACHED: 2023-10-14 01:29:35.02311565 +0000 UTC m=+0.304725384
TIMEDOUT: 2023-10-14 01:39:34.720
