START: 2023-10-08 19:17:53.662
SEEDS: 2023-10-08 19:18:54.001
RUN: 2023-10-16 05:14:51.729
REACHED: 2023-10-16 05:14:51.747419548 +0000 UTC m=+0.012197112
TIMEDOUT: 2023-10-16 05:24:51.736
