START: 2023-10-08 16:47:35.152
SEEDS: 2023-10-08 16:48:22.335
RUN: 2023-10-17 00:53:02.432
REACHED: 2023-10-17 00:53:02.452439677 +0000 UTC m=+0.014855787
DONE: 2023-10-17 01:00:37.868
