START: 2023-10-08 16:46:09.352
SEEDS: 2023-10-08 16:47:24.187
RUN: 2023-10-17 00:33:02.393
REACHED: 2023-10-17 00:33:02.413915422 +0000 UTC m=+0.014874716
TIMEDOUT: 2023-10-17 00:43:02.400
