START: 2023-10-07 12:48:57.001
SEEDS: 2023-10-07 14:02:31.113
RUN: 2023-10-07 14:02:31.114
REACHED: 2023-10-07 14:02:31.522171834 +0000 UTC m=+0.402527216
TIMEDOUT: 2023-10-07 14:12:31.121
