START: 2023-10-08 18:51:22.921
SEEDS: 2023-10-08 18:52:27.918
RUN: 2023-10-13 12:54:44.899
REACHED: 2023-10-13 12:54:44.948773386 +0000 UTC m=+0.043969270
DONE: 2023-10-13 12:58:04.820
