START: 2023-10-08 16:51:26.037
SEEDS: 2023-10-08 16:52:16.202
RUN: 2023-10-17 02:50:38.082
REACHED: 2023-10-17 02:50:38.097332161 +0000 UTC m=+0.009940899
TIMEDOUT: 2023-10-17 03:00:38.088
