START: 2023-10-10 17:04:22.151
SEEDS: 2023-10-10 17:04:52.338
RUN: 2023-10-15 00:54:16.866
REACHED: 2023-10-15 00:54:16.885325253 +0000 UTC m=+0.014093652
TIMEDOUT: 2023-10-15 01:04:16.872
