START: 2023-10-10 17:10:13.653
SEEDS: 2023-10-10 17:10:13.662
RUN: 2023-10-10 17:10:13.663
REACHED: 2023-10-10 17:10:13.681234027 +0000 UTC m=+0.012406160
DONE: 2023-10-10 17:10:44.811
