START: 2023-10-10 16:43:35.831
SEEDS: 2023-10-10 16:44:15.112
RUN: 2023-10-13 01:19:04.182
REACHED: 2023-10-13 01:19:04.327430977 +0000 UTC m=+0.139377380
DONE: 2023-10-13 01:19:08.684
