START: 2023-10-10 16:46:11.535
SEEDS: 2023-10-10 16:46:44.271
RUN: 2023-10-13 01:24:21.860
REACHED: 2023-10-13 01:24:21.880677647 +0000 UTC m=+0.015424981
DONE: 2023-10-13 01:29:57.479
