START: 2023-10-05 12:10:20.685
SEEDS: 2023-10-05 12:12:19.991
RUN: 2023-10-14 16:08:02.320
REACHED: 2023-10-14 16:08:02.702339243 +0000 UTC m=+0.376621890
DONE: 2023-10-14 16:08:48.994
