START: 2023-10-10 18:49:43.838
SEEDS: 2023-10-10 18:51:04.608
RUN: 2023-10-14 21:39:38.277
REACHED: 2023-10-14 21:39:38.297606064 +0000 UTC m=+0.015155684
TIMEDOUT: 2023-10-14 21:49:38.284
