START: 2023-10-10 10:31:56.162
SEEDS: 2023-10-10 10:32:36.232
RUN: 2023-10-12 14:05:33.611
REACHED: 2023-10-12 14:05:33.629716852 +0000 UTC m=+0.012597343
DONE: 2023-10-12 14:06:16.479
