START: 2023-10-06 17:12:39.594
SEEDS: 2023-10-06 17:12:48.981
RUN: 2023-10-14 05:06:27.494
REACHED: 2023-10-14 05:06:27.724995844 +0000 UTC m=+0.225714265
DONE: 2023-10-14 05:09:14.704
