START: 2023-10-05 14:24:04.517
SEEDS: 2023-10-05 14:26:50.308
RUN: 2023-10-14 15:32:08.549
REACHED: 2023-10-14 15:32:08.787799056 +0000 UTC m=+0.233046893
DONE: 2023-10-14 15:32:20.017
