START: 2023-10-09 13:42:09.255
SEEDS: 2023-10-09 13:43:02.615
RUN: 2023-10-12 13:43:18.967
REACHED: 2023-10-12 13:43:18.984994001 +0000 UTC m=+0.012437972
DONE: 2023-10-12 13:43:38.143
