START: 2023-10-05 09:40:19.373
SEEDS: 2023-10-05 09:43:04.307
RUN: 2023-10-14 10:25:59.980
REACHED: 2023-10-14 10:26:00.011810078 +0000 UTC m=+0.025851612
TIMEDOUT: 2023-10-14 10:35:59.987
