START: 2023-10-10 17:25:47.674
SEEDS: 2023-10-10 17:27:17.699
RUN: 2023-10-12 13:09:07.176
REACHED: 2023-10-12 13:09:07.194499612 +0000 UTC m=+0.012424723
DONE: 2023-10-12 13:09:52.590
