START: 2023-10-11 18:38:30.504
SEEDS: 2023-10-11 18:39:26.896
RUN: 2023-10-16 15:05:59.620
REACHED: 2023-10-16 15:05:59.639715519 +0000 UTC m=+0.013647018
TIMEDOUT: 2023-10-16 15:15:59.627
