START: 2023-10-05 15:16:46.078
SEEDS: 2023-10-05 15:19:32.478
RUN: 2023-10-18 09:24:41.144
REACHED: 2023-10-18 09:24:41.164004727 +0000 UTC m=+0.014374011
TIMEDOUT: 2023-10-18 09:34:41.151
