START: 2023-09-29 14:40:39.644
REACHED: 2023-09-29 14:40:39.972499146 +0000 UTC m=+0.323312602
DONE: 2023-09-29 14:45:01.430
