START: 2023-10-06 17:45:05.680
SEEDS: 2023-10-06 17:48:02.573
RUN: 2023-10-13 20:29:55.035
REACHED: 2023-10-13 20:29:55.734849576 +0000 UTC m=+0.693846405
DONE: 2023-10-13 20:36:08.556
