START: 2023-10-10 18:20:24.874
SEEDS: 2023-10-10 18:20:24.883
RUN: 2023-10-10 18:20:24.885
REACHED: 2023-10-10 18:20:24.899405955 +0000 UTC m=+0.009364900
TIMEDOUT: 2023-10-10 18:30:24.891
