START: 2023-10-09 14:07:55.345
SEEDS: 2023-10-09 14:08:49.811
RUN: 2023-10-13 04:36:58.584
REACHED: 2023-10-13 04:36:59.010877725 +0000 UTC m=+0.421868019
DONE: 2023-10-13 04:38:48.577
