START: 2023-10-09 14:27:20.286
SEEDS: 2023-10-09 14:28:03.343
RUN: 2023-10-15 12:10:43.341
REACHED: 2023-10-15 12:10:43.360447186 +0000 UTC m=+0.014062334
TIMEDOUT: 2023-10-15 12:20:43.347
