START: 2023-10-10 17:19:50.956
SEEDS: 2023-10-10 17:21:20.929
RUN: 2023-10-12 12:59:29.537
REACHED: 2023-10-12 12:59:29.555355483 +0000 UTC m=+0.012450521
DONE: 2023-10-12 13:00:47.993
