START: 2023-10-09 12:44:45.992
SEEDS: 2023-10-09 12:45:01.036
RUN: 2023-10-13 05:41:57.772
REACHED: 2023-10-13 05:41:57.862072417 +0000 UTC m=+0.084238871
TIMEDOUT: 2023-10-13 05:51:57.779
