START: 2023-09-26 17:49:47.435
SEEDS: 2023-09-26 17:56:28.440
RUN: 2023-10-12 20:59:46.168
REACHED: 2023-10-12 20:59:46.185912123 +0000 UTC m=+0.012480829
DONE: 2023-10-12 21:00:10.208
