START: 2023-09-29 11:39:12.922
SEEDS: 2023-09-29 11:41:53.832
RUN: 2023-10-12 21:18:42.195
REACHED: 2023-10-12 21:18:42.213353822 +0000 UTC m=+0.012555223
DONE: 2023-10-12 21:19:28.396
