START: 2023-10-10 16:24:48.377
SEEDS: 2023-10-10 16:25:16.145
RUN: 2023-10-12 13:15:46.229
REACHED: 2023-10-12 13:15:46.248222635 +0000 UTC m=+0.013637545
DONE: 2023-10-12 13:15:47.621
