START: 2023-10-10 17:07:06.229
SEEDS: 2023-10-10 17:07:06.238
RUN: 2023-10-10 17:07:06.239
REACHED: 2023-10-10 17:07:06.257189207 +0000 UTC m=+0.012470944
DONE: 2023-10-10 17:09:00.342
