START: 2023-10-05 15:05:37.609
SEEDS: 2023-10-05 15:08:24.539
RUN: 2023-10-18 11:12:26.565
REACHED: 2023-10-18 11:12:26.580529523 +0000 UTC m=+0.010147383
TIMEDOUT: 2023-10-18 11:22:26.571
