START: 2023-10-07 02:48:29.810
SEEDS: 2023-10-07 02:53:33.186
RUN: 2023-10-13 02:25:48.945
REACHED: 2023-10-13 02:25:49.036805969 +0000 UTC m=+0.086030581
DONE: 2023-10-13 02:28:00.136
