START: 2023-10-09 12:34:10.006
SEEDS: 2023-10-09 12:34:24.843
RUN: 2023-10-12 13:52:54.642
REACHED: 2023-10-12 13:52:54.659911943 +0000 UTC m=+0.012736756
DONE: 2023-10-12 13:53:07.909
