START: 2023-09-25 12:35:15.223
SEEDS: 2023-09-25 12:35:22.030
RUN: 2023-10-12 16:31:22.885
REACHED: 2023-10-12 16:31:22.907257748 +0000 UTC m=+0.016882778
DONE: 2023-10-12 16:31:53.214
