START: 2023-10-10 16:51:36.121
SEEDS: 2023-10-10 16:51:59.550
RUN: 2023-10-13 01:54:13.028
REACHED: 2023-10-13 01:54:13.087045916 +0000 UTC m=+0.053286380
DONE: 2023-10-13 01:54:13.348
