START: 2023-09-20 10:09:19.902
SEEDS: 2023-09-20 10:09:26.486
RUN: 2023-10-12 16:32:13.286
REACHED: 2023-10-12 16:32:13.303654363 +0000 UTC m=+0.012308992
DONE: 2023-10-12 16:32:23.168
