START: 2023-10-09 12:47:06.430
SEEDS: 2023-10-09 12:47:45.566
RUN: 2023-10-13 06:09:31.451
REACHED: 2023-10-13 06:09:31.583261518 +0000 UTC m=+0.127319659
DONE: 2023-10-13 06:11:27.573
