START: 2023-09-14 15:53:08.393
SEEDS: 2023-09-14 15:54:51.343
RUN: 2023-10-12 13:26:14.736
REACHED: 2023-10-12 13:26:14.754819867 +0000 UTC m=+0.013470821
DONE: 2023-10-12 13:26:15.100
