START: 2023-10-09 08:02:25.371
SEEDS: 2023-10-09 08:16:57.028
RUN: 2023-10-09 08:16:57.030
REACHED: 2023-10-09 08:16:57.052861305 +0000 UTC m=+0.017186747
TIMEDOUT: 2023-10-09 08:26:57.037
