START: 2023-10-11 17:02:07.501
SEEDS: 2023-10-11 17:03:44.115
RUN: 2023-10-13 18:02:57.062
REACHED: 2023-10-13 18:02:57.190533425 +0000 UTC m=+0.122750796
TIMEDOUT: 2023-10-13 18:12:57.069
