START: 2023-10-10 10:35:56.732
SEEDS: 2023-10-10 10:36:36.681
RUN: 2023-10-13 08:34:05.603
REACHED: 2023-10-13 08:34:05.687123485 +0000 UTC m=+0.079067387
TIMEDOUT: 2023-10-13 08:44:05.609
