START: 2023-09-29 11:57:53.162
SEEDS: 2023-09-29 12:00:35.232
RUN: 2023-10-12 21:19:28.422
REACHED: 2023-10-12 21:19:28.440291423 +0000 UTC m=+0.012519166
DONE: 2023-10-12 21:19:48.896
