START: 2023-09-14 14:40:43.043
SEEDS: 2023-09-14 14:40:43.052
REACHED: 2023-09-14 14:40:43.070711908 +0000 UTC m=+0.012976512
DONE: 2023-09-14 14:41:04.258
