START: 2023-10-07 18:34:31.609
SEEDS: 2023-10-07 19:54:36.631
RUN: 2023-10-07 19:54:36.632
REACHED: 2023-10-07 19:54:36.727554504 +0000 UTC m=+0.089755795
TIMEDOUT: 2023-10-07 20:04:36.639
