START: 2023-10-06 17:08:19.093
SEEDS: 2023-10-06 17:08:28.064
RUN: 2023-10-17 12:53:06.806
REACHED: 2023-10-17 12:53:06.829587414 +0000 UTC m=+0.017508904
TIMEDOUT: 2023-10-17 13:03:06.813
