START: 2023-09-14 15:57:14.989
SEEDS: 2023-09-14 15:58:56.926
RUN: 2023-10-12 13:27:04.960
REACHED: 2023-10-12 13:27:04.977948626 +0000 UTC m=+0.012357574
DONE: 2023-10-12 13:27:15.915
