START: 2023-10-08 17:07:33.470
SEEDS: 2023-10-08 17:07:43.492
RUN: 2023-10-13 21:19:32.565
REACHED: 2023-10-13 21:19:32.792498082 +0000 UTC m=+0.222439584
DONE: 2023-10-13 21:19:52.623
