START: 2023-10-09 13:49:57.755
SEEDS: 2023-10-09 13:50:52.269
RUN: 2023-10-12 13:47:22.373
REACHED: 2023-10-12 13:47:22.395448223 +0000 UTC m=+0.016738276
DONE: 2023-10-12 13:47:53.201
