START: 2023-10-09 14:30:58.360
SEEDS: 2023-10-09 14:31:41.801
RUN: 2023-10-15 11:00:43.213
REACHED: 2023-10-15 11:00:43.235791818 +0000 UTC m=+0.016912452
TIMEDOUT: 2023-10-15 11:10:43.220
