START: 2023-10-13 11:14:05.899
SEEDS: 2023-10-13 11:15:57.023
RUN: 2023-10-14 08:35:15.265
REACHED: 2023-10-14 08:35:15.493179554 +0000 UTC m=+0.222475105
DONE: 2023-10-14 08:42:48.407
