START: 2023-10-06 17:07:37.750
SEEDS: 2023-10-06 17:07:45.675
RUN: 2023-10-17 12:03:06.715
REACHED: 2023-10-17 12:03:06.736748786 +0000 UTC m=+0.016294428
TIMEDOUT: 2023-10-17 12:13:06.722
