START: 2023-10-13 10:28:56.271
SEEDS: 2023-10-13 10:30:46.023
RUN: 2023-10-14 07:43:27.240
REACHED: 2023-10-14 07:43:27.442114216 +0000 UTC m=+0.196552095
DONE: 2023-10-14 07:43:27.732
