START: 2023-10-08 17:03:10.405
SEEDS: 2023-10-08 17:03:24.817
RUN: 2023-10-13 22:42:27.445
REACHED: 2023-10-13 22:42:27.816103257 +0000 UTC m=+0.365058170
DONE: 2023-10-13 22:44:56.130
