START: 2023-10-11 18:26:44.312
SEEDS: 2023-10-11 18:31:01.977
RUN: 2023-10-16 14:05:59.508
REACHED: 2023-10-16 14:05:59.528639116 +0000 UTC m=+0.015075695
TIMEDOUT: 2023-10-16 14:15:59.515
