START: 2023-10-10 16:30:11.179
SEEDS: 2023-10-10 16:30:49.796
RUN: 2023-10-12 13:20:55.057
REACHED: 2023-10-12 13:20:55.075699528 +0000 UTC m=+0.012508227
DONE: 2023-10-12 13:20:56.829
