START: 2023-10-06 17:11:50.582
SEEDS: 2023-10-06 17:12:00.068
RUN: 2023-10-14 04:59:51.861
REACHED: 2023-10-14 04:59:52.069264284 +0000 UTC m=+0.202883436
DONE: 2023-10-14 04:59:54.292
