START: 2023-10-08 19:39:33.004
SEEDS: 2023-10-08 19:40:05.601
RUN: 2023-10-12 14:15:51.586
REACHED: 2023-10-12 14:15:51.604476051 +0000 UTC m=+0.012722742
DONE: 2023-10-12 14:16:00.648
