START: 2023-10-09 14:36:47.190
SEEDS: 2023-10-09 14:37:30.643
RUN: 2023-10-15 11:50:43.304
REACHED: 2023-10-15 11:50:43.326621865 +0000 UTC m=+0.016734033
TIMEDOUT: 2023-10-15 12:00:43.311
