START: 2023-10-08 16:59:50.305
SEEDS: 2023-10-08 16:59:58.700
RUN: 2023-10-12 15:45:42.185
REACHED: 2023-10-12 15:45:42.203090546 +0000 UTC m=+0.012575353
DONE: 2023-10-12 15:46:18.683
