START: 2023-09-14 10:00:38.564
REACHED: 2023-09-14 10:00:38.580436925 +0000 UTC m=+0.012439553
DONE: 2023-09-14 10:00:55.414
