START: 2023-10-05 13:42:34.261
SEEDS: 2023-10-05 13:45:19.732
RUN: 2023-10-14 14:57:11.592
REACHED: 2023-10-14 14:57:11.880987006 +0000 UTC m=+0.283816335
DONE: 2023-10-14 15:04:49.858
