START: 2023-10-11 20:43:48.273
SEEDS: 2023-10-11 20:45:45.654
RUN: 2023-10-13 16:08:18.814
REACHED: 2023-10-13 16:08:19.348083275 +0000 UTC m=+0.528417906
DONE: 2023-10-13 16:08:30.318
