START: 2023-10-05 17:27:07.062
SEEDS: 2023-10-05 17:27:07.071
RUN: 2023-10-05 17:27:07.073
REACHED: 2023-10-05 17:27:07.087722622 +0000 UTC m=+0.009614948
TIMEDOUT: 2023-10-05 17:37:07.079
