START: 2023-10-11 16:19:23.326
SEEDS: 2023-10-11 16:26:07.507
RUN: 2023-10-13 17:36:58.323
REACHED: 2023-10-13 17:36:58.399263501 +0000 UTC m=+0.070555424
DONE: 2023-10-13 17:36:59.228
