START: 2023-10-08 17:12:32.045
SEEDS: 2023-10-08 17:12:39.096
RUN: 2023-10-16 20:37:39.330
REACHED: 2023-10-16 20:37:39.351933505 +0000 UTC m=+0.015929530
TIMEDOUT: 2023-10-16 20:47:39.337
