START: 2023-10-08 16:50:31.777
SEEDS: 2023-10-08 16:50:42.939
RUN: 2023-10-17 02:00:37.990
REACHED: 2023-10-17 02:00:38.010695988 +0000 UTC m=+0.015296406
TIMEDOUT: 2023-10-17 02:10:37.996
