START: 2023-10-07 03:56:04.829
SEEDS: 2023-10-07 04:01:25.231
RUN: 2023-10-13 03:01:22.412
REACHED: 2023-10-13 03:01:22.577483038 +0000 UTC m=+0.160310300
DONE: 2023-10-13 03:01:23.469
