START: 2023-10-08 16:34:43.884
SEEDS: 2023-10-08 16:36:13.589
RUN: 2023-10-13 23:04:53.777
REACHED: 2023-10-13 23:04:53.918075095 +0000 UTC m=+0.135368082
DONE: 2023-10-13 23:07:00.247
