START: 2023-09-29 00:38:40.763
SEEDS: 2023-09-29 02:04:19.532
REACHED: 2023-09-29 02:04:19.550372476 +0000 UTC m=+0.012554206
DONE: 2023-09-29 02:05:47.439
