START: 2023-10-08 19:37:52.469
SEEDS: 2023-10-08 19:38:23.310
RUN: 2023-10-12 14:12:43.930
REACHED: 2023-10-12 14:12:43.955642336 +0000 UTC m=+0.019424687
DONE: 2023-10-12 14:12:53.470
