START: 2023-10-10 18:25:11.072
SEEDS: 2023-10-10 18:26:39.999
RUN: 2023-10-12 23:27:38.769
REACHED: 2023-10-12 23:27:39.362049053 +0000 UTC m=+0.587860066
DONE: 2023-10-12 23:28:29.431
