START: 2023-10-08 16:37:09.838
SEEDS: 2023-10-08 16:37:18.472
RUN: 2023-10-13 23:13:41.919
REACHED: 2023-10-13 23:13:42.114405116 +0000 UTC m=+0.189741107
DONE: 2023-10-13 23:16:51.051
