START: 2023-10-10 17:11:36.564
SEEDS: 2023-10-10 17:11:36.573
RUN: 2023-10-10 17:11:36.574
REACHED: 2023-10-10 17:11:36.920659181 +0000 UTC m=+0.340670788
DONE: 2023-10-10 17:12:39.035
