START: 2023-10-08 19:29:36.371
SEEDS: 2023-10-08 19:30:06.422
RUN: 2023-10-12 14:12:43.798
REACHED: 2023-10-12 14:12:43.816649984 +0000 UTC m=+0.012507997
DONE: 2023-10-12 14:12:43.859
