START: 2023-10-06 17:30:20.351
SEEDS: 2023-10-06 17:30:28.422
RUN: 2023-10-14 01:13:47.457
REACHED: 2023-10-14 01:13:47.67262774 +0000 UTC m=+0.210266239
DONE: 2023-10-14 01:17:12.045
