START: 2023-10-09 12:29:52.377
SEEDS: 2023-10-09 12:30:10.637
RUN: 2023-10-12 13:49:53.067
REACHED: 2023-10-12 13:49:53.085384666 +0000 UTC m=+0.012474829
DONE: 2023-10-12 13:50:04.897
