START: 2023-09-27 11:39:21.710
SEEDS: 2023-09-27 13:04:25.671
REACHED: 2023-09-27 13:04:25.689062684 +0000 UTC m=+0.012449218
DONE: 2023-09-27 13:04:35.932
