START: 2023-10-08 18:39:35.691
SEEDS: 2023-10-08 18:40:39.947
RUN: 2023-10-12 14:17:52.097
REACHED: 2023-10-12 14:17:52.115625423 +0000 UTC m=+0.012683455
DONE: 2023-10-12 14:18:24.526
