START: 2023-10-05 12:43:01.020
SEEDS: 2023-10-05 12:43:32.720
RUN: 2023-10-18 12:34:14.734
REACHED: 2023-10-18 12:34:14.755001027 +0000 UTC m=+0.015131676
TIMEDOUT: 2023-10-18 12:44:14.741
