START: 2023-10-04 19:23:52.768
SEEDS: 2023-10-04 19:24:26.079
RUN: 2023-10-14 12:48:49.469
REACHED: 2023-10-14 12:48:49.530425448 +0000 UTC m=+0.055798238
TIMEDOUT: 2023-10-14 12:58:49.476
