START: 2023-10-10 14:23:27.331
RUN: 2023-10-10 14:23:27.332
REACHED: 2023-10-10 14:23:27.58636084 +0000 UTC m=+0.248469901
DONE: 2023-10-10 14:24:52.874
