START: 2023-10-10 17:12:39.046
SEEDS: 2023-10-10 17:12:39.055
RUN: 2023-10-10 17:12:39.057
REACHED: 2023-10-10 17:12:39.198675284 +0000 UTC m=+0.136549361
DONE: 2023-10-10 17:12:41.635
