START: 2023-10-13 08:51:43.695
SEEDS: 2023-10-13 08:53:54.831
RUN: 2023-10-13 14:03:33.225
REACHED: 2023-10-13 14:03:33.247142154 +0000 UTC m=+0.016730420
DONE: 2023-10-13 14:04:24.310
