START: 2023-10-05 10:21:53.716
SEEDS: 2023-10-05 10:24:40.449
RUN: 2023-10-18 02:23:50.181
REACHED: 2023-10-18 02:23:50.20449668 +0000 UTC m=+0.017483705
TIMEDOUT: 2023-10-18 02:33:50.188
