START: 2023-10-10 10:37:56.641
SEEDS: 2023-10-10 10:38:36.580
RUN: 2023-10-13 09:47:29.714
REACHED: 2023-10-13 09:47:30.100846658 +0000 UTC m=+0.380963423
TIMEDOUT: 2023-10-13 09:57:29.721
