START: 2023-10-11 15:56:14.223
SEEDS: 2023-10-11 15:58:22.576
RUN: 2023-10-13 17:21:52.637
REACHED: 2023-10-13 17:21:52.892383074 +0000 UTC m=+0.250062568
DONE: 2023-10-13 17:21:53.341
