START: 2023-10-10 14:37:54.684
RUN: 2023-10-10 14:37:54.686
REACHED: 2023-10-10 14:37:55.024118624 +0000 UTC m=+0.332902381
DONE: 2023-10-10 14:40:56.903
