START: 2023-09-18 10:02:33.350
SEEDS: 2023-09-18 10:03:04.384
RUN: 2023-10-12 15:39:11.250
REACHED: 2023-10-12 15:39:11.268739154 +0000 UTC m=+0.013518810
DONE: 2023-10-12 15:40:22.354
