START: 2023-09-25 12:34:55.577
SEEDS: 2023-09-25 12:35:06.639
RUN: 2023-10-12 16:28:28.811
REACHED: 2023-10-12 16:28:28.829479752 +0000 UTC m=+0.012617303
DONE: 2023-10-12 16:28:51.852
