START: 2023-09-29 10:04:31.277
SEEDS: 2023-09-29 10:04:59.554
RUN: 2023-10-12 21:27:46.805
REACHED: 2023-10-12 21:27:46.823081918 +0000 UTC m=+0.012531028
DONE: 2023-10-12 21:29:01.483
