START: 2023-10-04 18:03:12.552
SEEDS: 2023-10-04 18:05:28.004
RUN: 2023-10-18 20:28:12.765
REACHED: 2023-10-18 20:28:12.784480609 +0000 UTC m=+0.014245025
DONE: 2023-10-18 20:37:33.646
