START: 2023-10-11 17:28:04.200
SEEDS: 2023-10-11 17:47:23.127
RUN: 2023-10-16 11:20:38.917
REACHED: 2023-10-16 11:20:38.936246565 +0000 UTC m=+0.013615142
TIMEDOUT: 2023-10-16 11:30:38.924
