START: 2023-10-05 12:47:52.088
SEEDS: 2023-10-05 12:48:40.790
RUN: 2023-10-18 12:55:40.581
REACHED: 2023-10-18 12:55:40.601051034 +0000 UTC m=+0.014374796
TIMEDOUT: 2023-10-18 13:05:40.588
