START: 2023-10-08 19:20:13.915
SEEDS: 2023-10-08 19:20:29.401
RUN: 2023-10-16 05:44:51.785
REACHED: 2023-10-16 05:44:51.808678881 +0000 UTC m=+0.017685538
TIMEDOUT: 2023-10-16 05:54:51.792
