START: 2023-10-08 19:43:07.418
SEEDS: 2023-10-08 19:43:37.328
RUN: 2023-10-12 14:15:38.977
REACHED: 2023-10-12 14:15:38.995424799 +0000 UTC m=+0.012472988
DONE: 2023-10-12 14:15:39.035
