START: 2023-10-08 16:43:28.470
SEEDS: 2023-10-08 16:44:19.856
RUN: 2023-10-14 00:33:26.654
REACHED: 2023-10-14 00:33:27.191071072 +0000 UTC m=+0.531221142
DONE: 2023-10-14 00:33:46.683
