START: 2023-09-20 09:58:08.625
SEEDS: 2023-09-20 09:58:16.021
RUN: 2023-10-12 16:25:15.525
REACHED: 2023-10-12 16:25:15.543101057 +0000 UTC m=+0.012483945
DONE: 2023-10-12 16:25:16.519
