START: 2023-10-06 16:46:50.647
SEEDS: 2023-10-06 16:46:59.889
RUN: 2023-10-14 03:58:56.361
REACHED: 2023-10-14 03:58:56.87499499 +0000 UTC m=+0.508054324
TIMEDOUT: 2023-10-14 04:08:56.368
