START: 2023-10-11 19:44:54.320
SEEDS: 2023-10-11 19:46:51.404
RUN: 2023-10-12 14:40:30.080
REACHED: 2023-10-12 14:40:30.099537907 +0000 UTC m=+0.013699646
DONE: 2023-10-12 14:40:59.889
