START: 2023-10-04 15:15:37.574
SEEDS: 2023-10-04 15:22:13.178
RUN: 2023-10-14 17:10:38.929
REACHED: 2023-10-14 17:10:38.97130362 +0000 UTC m=+0.036243335
DONE: 2023-10-14 17:10:39.398
