START: 2023-10-11 19:48:49.190
SEEDS: 2023-10-11 19:50:46.686
RUN: 2023-10-12 14:49:51.921
REACHED: 2023-10-12 14:49:51.939023252 +0000 UTC m=+0.012539267
DONE: 2023-10-12 14:51:19.197
