START: 2023-10-08 19:02:56.228
SEEDS: 2023-10-08 19:03:12.663
RUN: 2023-10-13 14:54:19.664
REACHED: 2023-10-13 14:54:19.810032726 +0000 UTC m=+0.141036846
DONE: 2023-10-13 15:02:43.953
