START: 2023-10-08 16:54:13.476
SEEDS: 2023-10-08 16:54:24.618
RUN: 2023-10-17 04:29:08.163
REACHED: 2023-10-17 04:29:08.184787657 +0000 UTC m=+0.016520709
TIMEDOUT: 2023-10-17 04:39:08.169
