START: 2023-10-06 17:14:58.096
SEEDS: 2023-10-06 17:15:09.799
RUN: 2023-10-14 06:12:50.434
REACHED: 2023-10-14 06:12:50.747902067 +0000 UTC m=+0.308645222
DONE: 2023-10-14 06:13:23.893
