START: 2023-09-29 10:22:00.374
SEEDS: 2023-09-29 10:26:28.628
RUN: 2023-10-12 21:31:53.441
REACHED: 2023-10-12 21:31:53.460644933 +0000 UTC m=+0.013903704
DONE: 2023-10-12 21:32:56.518
