START: 2023-10-09 13:14:40.604
SEEDS: 2023-10-09 13:15:22.005
RUN: 2023-10-15 14:54:18.881
REACHED: 2023-10-15 14:54:18.899418027 +0000 UTC m=+0.013191174
TIMEDOUT: 2023-10-15 15:04:18.887
