START: 2023-10-05 11:06:23.646
SEEDS: 2023-10-05 11:09:09.934
RUN: 2023-10-17 23:33:49.869
REACHED: 2023-10-17 23:33:49.890339347 +0000 UTC m=+0.015523692
TIMEDOUT: 2023-10-17 23:43:49.876
