START: 2023-10-10 17:59:26.591
SEEDS: 2023-10-10 18:00:55.500
RUN: 2023-10-12 13:10:30.096
REACHED: 2023-10-12 13:10:30.113850734 +0000 UTC m=+0.012546456
DONE: 2023-10-12 13:11:15.389
