START: 2023-10-05 13:48:06.647
SEEDS: 2023-10-05 13:50:53.290
RUN: 2023-10-14 15:34:24.632
REACHED: 2023-10-14 15:34:24.691508308 +0000 UTC m=+0.053856596
DONE: 2023-10-14 15:35:20.987
