START: 2023-10-04 16:18:54.612
SEEDS: 2023-10-04 16:24:02.598
RUN: 2023-10-14 18:00:33.244
REACHED: 2023-10-14 18:00:33.398208 +0000 UTC m=+0.149164635
DONE: 2023-10-14 18:00:47.251
