START: 2023-10-08 16:32:42.153
SEEDS: 2023-10-08 16:33:03.804
RUN: 2023-10-13 22:59:42.035
REACHED: 2023-10-13 22:59:42.209619188 +0000 UTC m=+0.168719005
DONE: 2023-10-13 23:00:56.228
