START: 2023-10-05 12:17:45.454
SEEDS: 2023-10-05 12:18:26.966
RUN: 2023-10-14 16:13:01.878
REACHED: 2023-10-14 16:13:01.922721356 +0000 UTC m=+0.039556185
DONE: 2023-10-14 16:14:00.893
