START: 2023-10-10 16:46:44.283
SEEDS: 2023-10-10 16:47:23.208
RUN: 2023-10-13 01:29:57.487
REACHED: 2023-10-13 01:29:57.607637471 +0000 UTC m=+0.115174536
TIMEDOUT: 2023-10-13 01:39:57.494
