START: 2023-09-29 11:33:48.228
SEEDS: 2023-09-29 11:36:29.071
RUN: 2023-10-12 21:16:42.584
REACHED: 2023-10-12 21:16:42.602372535 +0000 UTC m=+0.012451979
DONE: 2023-10-12 21:17:37.776
