START: 2023-10-08 16:57:11.023
SEEDS: 2023-10-08 16:57:19.713
RUN: 2023-10-12 15:42:34.894
REACHED: 2023-10-12 15:42:34.912729931 +0000 UTC m=+0.012554391
DONE: 2023-10-12 15:43:52.685
