START: 2023-10-08 19:30:06.430
SEEDS: 2023-10-08 19:30:42.335
RUN: 2023-10-12 14:13:37.463
REACHED: 2023-10-12 14:13:37.48104672 +0000 UTC m=+0.012317645
DONE: 2023-10-12 14:13:39.044
