START: 2023-09-25 14:47:12.277
SEEDS: 2023-09-25 14:47:33.223
RUN: 2023-10-12 16:23:23.717
REACHED: 2023-10-12 16:23:23.735641982 +0000 UTC m=+0.012595902
DONE: 2023-10-12 16:23:53.981
