START: 2023-09-30 15:21:57.409
SEEDS: 2023-09-30 15:21:57.418
REACHED: 2023-09-30 15:21:57.589869856 +0000 UTC m=+0.166653003
DONE: 2023-09-30 15:27:37.609
