START: 2023-09-26 17:42:37.123
SEEDS: 2023-09-26 17:49:18.642
RUN: 2023-10-12 20:57:58.546
REACHED: 2023-10-12 20:57:58.564347993 +0000 UTC m=+0.012566863
DONE: 2023-10-12 20:58:49.050
