START: 2023-10-08 17:03:45.371
SEEDS: 2023-10-08 17:03:55.617
RUN: 2023-10-13 21:19:15.977
REACHED: 2023-10-13 21:19:16.113737181 +0000 UTC m=+0.131413671
DONE: 2023-10-13 21:19:24.297
