START: 2023-10-10 17:38:12.225
SEEDS: 2023-10-10 17:39:41.280
RUN: 2023-10-12 13:09:52.613
REACHED: 2023-10-12 13:09:52.631902778 +0000 UTC m=+0.012657664
DONE: 2023-10-12 13:10:12.986
