START: 2023-10-10 16:36:48.863
SEEDS: 2023-10-10 16:37:16.729
RUN: 2023-10-13 00:41:27.368
REACHED: 2023-10-13 00:41:28.50453466 +0000 UTC m=+1.130957968
DONE: 2023-10-13 00:41:33.719
