START: 2023-10-04 19:39:16.446
SEEDS: 2023-10-04 19:39:47.719
RUN: 2023-10-18 03:44:25.829
REACHED: 2023-10-18 03:44:25.850087744 +0000 UTC m=+0.015550006
TIMEDOUT: 2023-10-18 03:54:25.835
