START: 2023-09-29 13:23:54.376
SEEDS: 2023-09-29 13:28:21.448
RUN: 2023-10-12 22:10:50.449
REACHED: 2023-10-12 22:10:50.467622289 +0000 UTC m=+0.012708661
DONE: 2023-10-12 22:11:36.963
