START: 2023-09-29 10:48:16.133
SEEDS: 2023-09-29 10:52:55.728
RUN: 2023-10-12 21:50:52.433
REACHED: 2023-10-12 21:50:52.450912819 +0000 UTC m=+0.012558375
TIMEDOUT: 2023-10-12 22:00:52.439
