START: 2023-10-08 18:54:59.021
SEEDS: 2023-10-08 18:55:24.371
RUN: 2023-10-13 13:17:20.659
REACHED: 2023-10-13 13:17:20.815681423 +0000 UTC m=+0.150820433
DONE: 2023-10-13 13:17:22.174
