START: 2023-10-13 12:36:35.556
SEEDS: 2023-10-13 12:37:02.727
RUN: 2023-10-17 20:35:58.122
REACHED: 2023-10-17 20:35:58.140806635 +0000 UTC m=+0.012805532
TIMEDOUT: 2023-10-17 20:45:58.129
