START: 2023-10-08 20:10:23.263
SEEDS: 2023-10-08 20:10:55.605
RUN: 2023-10-16 00:34:51.203
REACHED: 2023-10-16 00:34:51.22894278 +0000 UTC m=+0.020008396
TIMEDOUT: 2023-10-16 00:44:51.210
