START: 2023-10-05 14:46:10.813
SEEDS: 2023-10-05 14:48:55.956
RUN: 2023-10-14 15:40:00.477
REACHED: 2023-10-14 15:40:01.06237105 +0000 UTC m=+0.579790018
DONE: 2023-10-14 15:40:16.616
