START: 2023-10-09 13:50:52.279
SEEDS: 2023-10-09 13:51:46.517
RUN: 2023-10-12 13:47:57.876
REACHED: 2023-10-12 13:47:57.894594116 +0000 UTC m=+0.012441189
DONE: 2023-10-12 13:48:48.488
