START: 2023-09-27 14:04:52.706
SEEDS: 2023-09-27 14:07:35.585
RUN: 2023-10-12 20:54:37.206
REACHED: 2023-10-12 20:54:37.223858484 +0000 UTC m=+0.012484560
DONE: 2023-10-12 20:54:40.406
