START: 2023-09-14 09:58:15.613
REACHED: 2023-09-14 09:58:15.629914091 +0000 UTC m=+0.012461221
DONE: 2023-09-14 09:58:54.702
