START: 2023-10-04 18:25:14.914
SEEDS: 2023-10-04 18:26:01.291
RUN: 2023-10-14 11:26:16.790
REACHED: 2023-10-14 11:26:16.880879159 +0000 UTC m=+0.085487150
DONE: 2023-10-14 11:26:18.147
