START: 2023-10-05 10:16:19.567
SEEDS: 2023-10-05 10:19:06.119
RUN: 2023-10-18 01:03:50.035
REACHED: 2023-10-18 01:03:50.055561371 +0000 UTC m=+0.015260239
TIMEDOUT: 2023-10-18 01:13:50.041
