START: 2023-10-11 14:28:42.362
SEEDS: 2023-10-11 14:35:25.538
RUN: 2023-10-12 15:05:59.275
REACHED: 2023-10-12 15:05:59.29278427 +0000 UTC m=+0.012571525
DONE: 2023-10-12 15:06:55.159
