START: 2023-10-06 17:14:15.320
SEEDS: 2023-10-06 17:14:24.535
RUN: 2023-10-14 05:42:50.391
REACHED: 2023-10-14 05:42:50.4399518 +0000 UTC m=+0.043543547
TIMEDOUT: 2023-10-14 05:52:50.397
