START: 2023-10-07 05:25:05.174
SEEDS: 2023-10-07 05:26:04.785
RUN: 2023-10-13 03:37:21.853
REACHED: 2023-10-13 03:37:21.885428952 +0000 UTC m=+0.026837048
DONE: 2023-10-13 03:37:48.313
