START: 2023-10-06 17:12:26.881
SEEDS: 2023-10-06 17:12:39.585
RUN: 2023-10-14 04:59:56.254
REACHED: 2023-10-14 04:59:56.721905242 +0000 UTC m=+0.462296465
DONE: 2023-10-14 05:06:27.486
