START: 2023-10-10 13:53:31.673
RUN: 2023-10-10 13:53:31.675
REACHED: 2023-10-10 13:53:31.692911446 +0000 UTC m=+0.012595880
DONE: 2023-10-10 13:53:44.502
