START: 2023-10-10 18:42:59.151
SEEDS: 2023-10-10 18:44:23.356
RUN: 2023-10-14 18:29:25.531
REACHED: 2023-10-14 18:29:25.557869994 +0000 UTC m=+0.021563420
DONE: 2023-10-14 18:32:48.710
