START: 2023-10-08 19:56:24.756
SEEDS: 2023-10-08 19:57:04.162
RUN: 2023-10-13 11:40:40.112
REACHED: 2023-10-13 11:40:40.343524408 +0000 UTC m=+0.226317970
DONE: 2023-10-13 11:41:59.878
