START: 2023-09-14 16:04:23.133
SEEDS: 2023-09-14 16:05:56.780
RUN: 2023-10-12 13:27:55.283
REACHED: 2023-10-12 13:27:55.301137732 +0000 UTC m=+0.012466018
DONE: 2023-10-12 13:27:55.344
